003X_1530629900.png 0 0 1 2
008I_1530629917.png 0 0 3 4
00DT_1530629938.png 0 0 5 6
01HJ_1530629995.png 0 7 8 9
01LX_1530629907.png 0 7 10 2
01VM_1530629896.png 0 7 11 12
02BL_1530629950.png 0 13 14 10
02IG_1530629918.png 0 13 4 15
03DU_1530629903.png 0 1 5 16
03PC_1530629930.png 0 1 17 18
04YA_1530629915.png 0 19 20 21
05P3_1530629923.png 0 22 17 1
06AW_1530629924.png 0 23 21 24
06II_1530629911.png 0 23 4 4
06MT_1530629964.png 0 23 12 6
07EU_1530629958.png 0 25 26 16
07UZ_1530629901.png 0 25 16 27
07YG_1530629943.png 0 25 20 15
07ZV_1530629915.png 0 25 27 11
081G_1530629908.png 0 3 7 15
08JD_1530629917.png 0 3 9 5
08SF_1530629927.png 0 3 28 29
08UO_1530629922.png 0 3 16 30
093T_1530629928.png 0 31 1 6
09CM_1530629952.png 0 31 18 12
09V6_1530629904.png 0 31 11 23
0BCI_1530629906.png 0 14 18 4
0BF3_1530629943.png 0 14 29 1
0BPC_1530629896.png 0 14 17 18
0BTJ_1530629941.png 0 14 6 9
0CDC_1530629939.png 0 18 5 18
0CGT_1530629911.png 0 18 15 6
0DQD_1530629993.png 0 5 32 5
0E29_1530629903.png 0 26 13 31
0EK9_1530629925.png 0 26 33 31
0EMR_1530629941.png 0 26 12 34
0FBC_1530629938.png 0 29 14 18
0FHE_1530629935.png 0 29 8 26
0FJP_1530629934.png 0 29 9 17
0G36_1530629903.png 0 15 1 23
0G3O_1530629992.png 0 15 1 30
0G80_1530629922.png 0 15 3 0
0GSE_1530629940.png 0 15 28 26
0H53_1530629925.png 0 8 22 1
0HDV_1530629939.png 0 8 5 11
0I1C_1530629949.png 0 4 7 18
0I73_1530629906.png 0 4 25 1
0JSK_1530629932.png 0 9 28 33
0L1Z_1530629993.png 0 10 7 27
0LGO_1530629897.png 0 10 15 30
0M2V_1530629931.png 0 12 13 11
0M4M_1530629941.png 0 12 19 12
0M9D_1530629959.png 0 12 31 5
0MQT_1530629944.png 0 12 32 6
0NFG_1530629981.png 0 35 29 15
0O3B_1530629924.png 0 30 1 14
0PHA_1530629926.png 0 17 8 21
0Q5Q_1530629961.png 0 32 22 32
0QLN_1530629903.png 0 32 10 35
0R4K_1530629926.png 0 34 19 33
0R8X_1530629995.png 0 34 3 2
0RUM_1530629911.png 0 34 16 12
0T11_1530629972.png 0 6 7 7
0T7N_1530629941.png 0 6 25 35
0T8L_1530629939.png 0 6 3 10
0TJ1_1530629912.png 0 6 9 7
0TNC_1530629908.png 0 6 35 18
0TS0_1530629952.png 0 6 28 0
0V0V_1530629913.png 0 11 0 11
0VF3_1530629911.png 0 11 29 1
0VOM_1530629902.png 0 11 30 12
0W5M_1530629978.png 0 24 22 12
0WGF_1530629928.png 0 24 15 29
0WTO_1530629932.png 0 24 6 30
0XCL_1530629959.png 0 2 18 10
0XRH_1530629904.png 0 2 34 8
0Y28_1530629911.png 0 20 13 3
0YOS_1530629973.png 0 20 30 28
0YZ1_1530629902.png 0 20 27 7
0ZB2_1530629941.png 0 27 14 13
1028_1530629913.png 7 0 13 3
10P7_1530629937.png 7 0 17 25
10UY_1530629920.png 7 0 16 20
11AP_1530629936.png 7 7 21 17
11GT_1530629942.png 7 7 15 6
11SU_1530629916.png 7 7 28 16
134X_1530629979.png 7 1 19 2
13CL_1530629935.png 7 1 18 10
13O3_1530629936.png 7 1 30 1
1413_1530629923.png 7 19 7 1
14G6_1530629927.png 7 19 15 23
14LR_1530629934.png 7 19 10 34
14LV_1530629973.png 7 19 10 11
14VV_1530629955.png 7 19 11 11
14WC_1530629979.png 7 19 24 18
14Z4_1530629919.png 7 19 27 19
15EU_1530629897.png 7 22 26 16
1602_1530629919.png 7 23 0 13
16RB_1530629937.png 7 23 34 14
16ZO_1530629900.png 7 23 27 30
17U2_1530629899.png 7 25 16 13
17XM_1530629940.png 7 25 2 12
1854_1530629929.png 7 3 22 19
18VL_1530629900.png 7 3 11 10
18WP_1530629902.png 7 3 24 17
18WR_1530629937.png 7 3 24 34
18X8_1530629933.png 7 3 2 3
1BAP_1530629929.png 7 14 21 17
1CL4_1530629939.png 7 18 10 19
1CUO_1530629939.png 7 18 16 30
1D1Z_1530629927.png 7 5 7 27
1DFO_1530629900.png 7 5 29 30
1DG3_1530629914.png 7 5 15 1
1ECY_1530629926.png 7 26 18 20
1EFF_1530629914.png 7 26 29 29
1GGZ_1530629936.png 7 15 15 27
1GVC_1530629922.png 7 15 11 18
1H8A_1530629906.png 7 8 3 21
1HTE_1530629919.png 7 8 6 26
1IF9_1530629905.png 7 4 29 31
1IIX_1530629933.png 7 4 4 2
1JJR_1530629903.png 7 9 9 34
1KIW_1530629912.png 7 33 4 24
1KJR_1530629934.png 7 33 9 34
1KUE_1530629896.png 7 33 16 26
1KZM_1530629985.png 7 33 27 12
1L47_1530629939.png 7 10 19 25
1LOX_1530629967.png 7 10 30 2
1LQE_1530629935.png 7 10 32 26
1LRJ_1530629966.png 7 10 34 9
1LV7_1530629913.png 7 10 11 25
1LXC_1530629994.png 7 10 2 18
1M9W_1530629936.png 7 12 31 24
1MKG_1530629992.png 7 12 33 15
1MXI_1530629937.png 7 12 2 4
1NYW_1530629902.png 7 35 20 24
1OO7_1530629926.png 7 30 30 25
1OSJ_1530629898.png 7 30 28 9
1PKW_1530629908.png 7 17 33 24
1PNU_1530629942.png 7 17 35 16
1PPD_1530629921.png 7 17 17 5
1PZF_1530629944.png 7 17 27 29
1QAO_1530629917.png 7 32 21 30
1QNB_1530629905.png 7 32 35 14
1R6S_1530629906.png 7 34 23 28
1R9B_1530629916.png 7 34 31 14
1RGG_1530629901.png 7 34 15 15
1RS6_1530629925.png 7 34 28 23
1RVX_1530629926.png 7 34 11 2
1S1K_1530629903.png 7 28 7 33
1SHC_1530629975.png 7 28 8 18
1TFF_1530629918.png 7 6 29 29
1THY_1530629913.png 7 6 8 20
1TWN_1530629920.png 7 6 24 35
1VW0_1530629980.png 7 11 24 0
1VWP_1530629939.png 7 11 24 17
1VZU_1530629942.png 7 11 27 16
1W0H_1530629935.png 7 24 0 8
1W9T_1530629918.png 7 24 31 6
1WAO_1530629943.png 7 24 21 30
1WD3_1530629960.png 7 24 5 1
1WRK_1530629938.png 7 24 34 33
1XAK_1530629896.png 7 2 21 33
1XFB_1530629915.png 7 2 29 14
1XWG_1530629896.png 7 2 24 15
1YPV_1530629897.png 7 20 17 11
1ZB5_1530629978.png 7 27 14 22
1ZTO_1530629927.png 7 27 6 30
20AT_1530629934.png 13 0 21 6
20K8_1530629935.png 13 0 33 3
215C_1530629967.png 13 7 22 18
21IN_1530629951.png 13 7 4 35
2211_1530629928.png 13 13 7 7
222N_1530629918.png 13 13 13 35
225A_1530629938.png 13 13 22 21
22M9_1530629926.png 13 13 12 31
230Q_1530629959.png 13 1 0 32
236M_1530629987.png 13 1 23 12
23AH_1530629942.png 13 1 21 8
245G_1530629928.png 13 19 22 15
24I5_1530629908.png 13 19 4 22
24P5_1530629904.png 13 19 17 22
24ZX_1530629934.png 13 19 27 2
258R_1530629951.png 13 22 3 34
25BG_1530629909.png 13 22 14 15
26J0_1530629942.png 13 23 9 0
26YG_1530629907.png 13 23 20 15
27V4_1530629925.png 13 25 11 19
28H1_1530629916.png 13 3 8 7
28R0_1530629942.png 13 3 34 0
29P8_1530629907.png 13 31 17 3
29V6_1530629994.png 13 31 11 23
29ZY_1530629912.png 13 31 27 20
2A0O_1530629974.png 13 21 0 30
2ACD_1530629974.png 13 21 18 5
2BNF_1530629925.png 13 14 35 29
2C57_1530629910.png 13 18 22 25
2C74_1530629953.png 13 18 25 19
2C7P_1530629898.png 13 18 25 17
2CRA_1530629924.png 13 18 34 21
2CY9_1530629926.png 13 18 20 31
2D8X_1530629920.png 13 5 3 2
2DBZ_1530629934.png 13 5 14 27
2DGC_1530629910.png 13 5 15 18
2DIT_1530629900.png 13 5 4 6
2DL8_1530629897.png 13 5 10 3
2EMT_1530629933.png 13 26 12 6
2F45_1530629934.png 13 29 19 22
2FG3_1530629916.png 13 29 15 1
2FYL_1530629923.png 13 29 20 10
2FZQ_1530629952.png 13 29 27 32
2G74_1530629954.png 13 15 25 19
2H7V_1530629907.png 13 8 25 11
2HDT_1530629933.png 13 8 5 6
2HO7_1530629939.png 13 8 30 25
2J12_1530629910.png 13 9 7 13
2J9U_1530629963.png 13 9 31 16
2JE4_1530629944.png 13 9 26 19
2JOQ_1530629904.png 13 9 30 32
2KBQ_1530629927.png 13 33 14 32
2KPJ_1530629928.png 13 33 17 9
2L0H_1530629910.png 13 10 0 8
2LC0_1530629911.png 13 10 18 0
2LX1_1530629908.png 13 10 2 7
2LXR_1530629952.png 13 10 2 34
2MY0_1530629925.png 13 12 20 0
2NO9_1530629900.png 13 35 30 31
2O5H_1530629961.png 13 30 22 8
2O98_1530629973.png 13 30 31 3
2OC1_1530629934.png 13 30 18 7
2OT8_1530629932.png 13 30 6 3
2OWO_1530629977.png 13 30 24 30
2PQM_1530629918.png 13 17 32 12
2Q7C_1530629973.png 13 32 25 18
2Q96_1530629955.png 13 32 31 23
2Q9D_1530629950.png 13 32 31 5
2QM5_1530629933.png 13 32 12 22
2QSM_1530629987.png 13 32 28 12
2R53_1530629942.png 13 34 22 1
2RBA_1530629932.png 13 34 14 21
2RJU_1530629930.png 13 34 9 16
2ROQ_1530629903.png 13 34 30 32
2RXQ_1530629938.png 13 34 2 32
2S23_1530629905.png 13 28 13 1
2SE8_1530629914.png 13 28 26 3
2T3U_1530629940.png 13 6 1 16
2TT9_1530629916.png 13 6 6 31
2TVO_1530629901.png 13 6 11 30
2TX2_1530629963.png 13 6 2 13
2U9D_1530629899.png 13 16 31 5
2VXA_1530629908.png 13 11 2 21
2WAI_1530629937.png 13 24 21 4
2WMV_1530629902.png 13 24 12 11
2XSF_1530629939.png 13 2 28 29
2XYM_1530629905.png 13 2 20 12
2Y4V_1530629910.png 13 20 19 11
2Y7U_1530629897.png 13 20 25 16
2Z62_1530629918.png 13 27 23 13
2ZHD_1530629906.png 13 27 8 5
30SK_1530629953.png 1 0 28 33
312W_1530629923.png 1 7 13 24
31H7_1530629935.png 1 7 8 25
31K7_1530629918.png 1 7 33 25
31OW_1530629902.png 1 7 30 24
32P3_1530629919.png 1 13 17 1
32RQ_1530629931.png 1 13 34 32
32XG_1530629920.png 1 13 2 15
33C2_1530629937.png 1 1 18 13
33DN_1530629924.png 1 1 5 35
3453_1530629920.png 1 19 22 1
345N_1530629911.png 1 19 22 35
348H_1530629938.png 1 19 3 8
34GT_1530629929.png 1 19 15 6
359J_1530629923.png 1 22 31 9
35XY_1530629927.png 1 22 2 20
36IY_1530629927.png 1 23 4 20
373I_1530629978.png 1 25 1 4
374E_1530629901.png 1 25 19 26
37C0_1530629897.png 1 25 18 0
38D9_1530629941.png 1 3 5 31
39P0_1530629924.png 1 31 17 0
3A0N_1530629987.png 1 21 0 35
3A9I_1530629916.png 1 21 31 4
3AZG_1530629928.png 1 21 27 15
3B0F_1530629934.png 1 14 0 29
3C0E_1530629923.png 1 18 0 26
3C20_1530629918.png 1 18 13 0
3C39_1530629915.png 1 18 1 31
3C75_1530629933.png 1 18 25 22
3CB6_1530629913.png 1 18 14 23
3CY7_1530629903.png 1 18 20 25
3CYZ_1530629917.png 1 18 20 27
3D62_1530629968.png 1 5 23 13
3DBE_1530629942.png 1 5 14 26
3DRM_1530629927.png 1 5 34 12
3EFC_1530629942.png 1 26 29 18
3EYL_1530629994.png 1 26 20 10
3FHH_1530629907.png 1 29 8 8
3G76_1530629922.png 1 15 25 23
3G9O_1530629969.png 1 15 31 30
3GY2_1530629995.png 1 15 20 13
3HM1_1530629985.png 1 8 12 7
3HVB_1530629933.png 1 8 11 14
3HWM_1530629943.png 1 8 24 12
3I0V_1530629927.png 1 4 0 11
3IEQ_1530629909.png 1 4 26 32
3IKN_1530629995.png 1 4 33 35
3ITQ_1530629940.png 1 4 6 32
3J9N_1530629936.png 1 9 31 35
3JAU_1530629930.png 1 9 21 16
3KGY_1530629961.png 1 33 15 20
3KJ3_1530629898.png 1 33 9 1
3KPS_1530629943.png 1 33 17 28
3KRQ_1530629928.png 1 33 34 32
3N1B_1530629956.png 1 35 7 14
3N32_1530629897.png 1 35 1 13
3NYU_1530629938.png 1 35 20 16
3OVS_1530629973.png 1 30 11 28
3P3T_1530629939.png 1 17 1 6
3P59_1530629956.png 1 17 22 31
3P6N_1530629974.png 1 17 23 35
3PJ4_1530629972.png 1 17 9 19
3PZC_1530629922.png 1 17 27 18
3Q8L_1530629942.png 1 32 3 10
3QC9_1530629937.png 1 32 18 31
3RDQ_1530629901.png 1 34 5 32
3S1U_1530629939.png 1 28 7 16
3SK7_1530629923.png 1 28 33 25
3SKK_1530629920.png 1 28 33 33
3SXF_1530629899.png 1 28 2 29
3T08_1530629956.png 1 6 0 3
3T1F_1530629908.png 1 6 7 29
3TXY_1530629909.png 1 6 2 20
3U6L_1530629944.png 1 16 23 10
3ULD_1530629909.png 1 16 10 5
3USR_1530629914.png 1 16 28 34
3UUJ_1530629901.png 1 16 16 9
3VDE_1530629903.png 1 11 5 26
3VPM_1530629944.png 1 11 17 12
3VRK_1530629912.png 1 11 34 33
3W67_1530629910.png 1 24 23 25
3X4O_1530629910.png 1 2 19 30
3XBM_1530629933.png 1 2 14 12
3Y3D_1530629971.png 1 20 1 5
3YK2_1530629960.png 1 20 33 13
40BP_1530629934.png 19 0 14 17
40GR_1530629904.png 19 0 15 34
411Y_1530629947.png 19 7 7 20
4137_1530629957.png 19 7 1 25
43EI_1530629904.png 19 1 26 4
43SR_1530629922.png 19 1 28 34
44JM_1530629922.png 19 19 9 12
464J_1530629957.png 19 23 19 9
4677_1530629911.png 19 23 25 25
46FF_1530629911.png 19 23 29 29
489H_1530629916.png 19 3 31 8
48E2_1530629927.png 19 3 26 13
48JZ_1530629984.png 19 3 9 27
48N3_1530629917.png 19 3 35 1
48TK_1530629925.png 19 3 6 33
4907_1530629906.png 19 31 0 25
49SA_1530629919.png 19 31 28 21
4AAW_1530629906.png 19 21 21 24
4AAY_1530629906.png 19 21 21 20
4AJG_1530629897.png 19 21 9 15
4AL9_1530629933.png 19 21 10 31
4AUG_1530629935.png 19 21 16 15
4AV6_1530629918.png 19 21 11 23
4B1O_1530629905.png 19 14 7 30
4BF4_1530629918.png 19 14 29 19
4BG8_1530629924.png 19 14 15 3
4BGB_1530629941.png 19 14 15 14
4BTG_1530629930.png 19 14 6 15
4C7V_1530629994.png 19 18 25 11
4CPP_1530629939.png 19 18 17 17
4DHH_1530629936.png 19 5 8 8
4DNZ_1530629911.png 19 5 35 27
4EOO_1530629992.png 19 26 30 30
4F4A_1530629920.png 19 29 19 21
4FOT_1530629910.png 19 29 30 6
4G8W_1530629983.png 19 15 3 24
4H9V_1530629933.png 19 8 31 11
4HPT_1530629927.png 19 8 17 6
4HQG_1530629916.png 19 8 32 15
4IGJ_1530629922.png 19 4 15 9
4J2N_1530629962.png 19 9 13 35
4JEX_1530629927.png 19 9 26 2
4K19_1530629986.png 19 33 7 31
4KSF_1530629974.png 19 33 28 29
4KZF_1530629910.png 19 33 27 29
4LJ2_1530629922.png 19 10 9 13
4LP8_1530629903.png 19 10 17 3
4M7U_1530629940.png 19 12 25 16
4ME2_1530629950.png 19 12 26 13
4NL4_1530629972.png 19 35 10 19
4NVD_1530629921.png 19 35 11 5
4O61_1530629925.png 19 30 23 7
4O6P_1530629929.png 19 30 23 17
4OD8_1530629900.png 19 30 5 3
4ODJ_1530629905.png 19 30 5 9
4OTJ_1530629916.png 19 30 6 9
4OX5_1530629923.png 19 30 2 22
4PF9_1530629913.png 19 17 29 31
4PNB_1530629922.png 19 17 35 14
4PWG_1530629913.png 19 17 24 15
4Q6V_1530629919.png 19 32 23 11
4Q74_1530629921.png 19 32 25 19
4QEM_1530629906.png 19 32 26 12
4R51_1530629970.png 19 34 22 7
4RW5_1530629916.png 19 34 24 22
4RZ7_1530629946.png 19 34 27 25
4RZR_1530629899.png 19 34 27 34
4S33_1530629918.png 19 28 1 1
4T01_1530629916.png 19 6 0 7
4TAB_1530629937.png 19 6 21 14
4TB5_1530629943.png 19 6 14 22
4TGT_1530629909.png 19 6 15 6
4TV0_1530629973.png 19 6 11 0
4UAS_1530629930.png 19 16 21 28
4URR_1530629974.png 19 16 34 34
4V6I_1530629980.png 19 11 23 4
4V7M_1530629907.png 19 11 25 12
4VH1_1530629928.png 19 11 8 7
4W6Z_1530629973.png 19 24 23 27
4WS1_1530629960.png 19 24 28 7
4WSW_1530629933.png 19 24 28 24
4XEC_1530629930.png 19 2 26 18
4XWQ_1530629987.png 19 2 24 32
4YEI_1530629948.png 19 20 26 4
4YLA_1530629924.png 19 20 10 21
4YWK_1530629953.png 19 20 24 33
4Z0L_1530629913.png 19 27 0 10
4ZGP_1530629959.png 19 27 15 17
4ZI3_1530629943.png 19 27 4 1
4ZKR_1530629899.png 19 27 33 34
4ZPM_1530629936.png 19 27 17 12
4ZZV_1530629901.png 19 27 27 11
5012_1530629935.png 22 0 7 13
508F_1530629940.png 22 0 3 29
50JA_1530629938.png 22 0 9 21
50V3_1530629924.png 22 0 11 1
5185_1530629926.png 22 7 3 22
51NC_1530629930.png 22 7 35 18
525M_1530629896.png 22 13 22 12
537B_1530629937.png 22 1 25 14
53VG_1530629944.png 22 1 11 15
55Q0_1530629937.png 22 22 32 0
56H6_1530629912.png 22 23 8 23
56JM_1530629928.png 22 23 9 12
56KZ_1530629914.png 22 23 33 27
5715_1530629903.png 22 25 7 22
578V_1530629933.png 22 25 3 11
57FF_1530629926.png 22 25 29 29
57Y7_1530629937.png 22 25 20 25
58PJ_1530629934.png 22 3 17 9
58SP_1530629963.png 22 3 28 17
59M8_1530629917.png 22 31 12 3
5AHP_1530629909.png 22 21 8 17
5AQ4_1530629906.png 22 21 32 19
5B3U_1530629977.png 22 14 1 16
5B9K_1530629925.png 22 14 31 33
5BZ8_1530629944.png 22 14 27 3
5BZV_1530629917.png 22 14 27 11
5C10_1530629910.png 22 18 7 0
5C6J_1530629911.png 22 18 23 9
5CSN_1530629901.png 22 18 28 35
5D8Q_1530629961.png 22 5 3 32
5DIX_1530629917.png 22 5 4 2
5DOP_1530629921.png 22 5 30 17
5DQY_1530629923.png 22 5 32 20
5E6V_1530629994.png 22 26 23 11
5EJL_1530629982.png 22 26 9 10
5EPG_1530629945.png 22 26 17 15
5FGO_1530629913.png 22 29 15 30
5FH3_1530629964.png 22 29 8 1
5FVK_1530629941.png 22 29 11 33
5GLF_1530629964.png 22 15 10 29
5GZ5_1530629942.png 22 15 27 22
5HPQ_1530629906.png 22 8 17 32
5HUL_1530629908.png 22 8 16 10
5I44_1530629931.png 22 4 19 19
5IAA_1530629920.png 22 4 21 21
5IE4_1530629949.png 22 4 26 19
5ILL_1530629906.png 22 4 10 10
5JL9_1530629912.png 22 9 10 31
5KM7_1530629928.png 22 33 12 25
5KU6_1530629917.png 22 33 16 23
5KXT_1530629902.png 22 33 2 6
5M4T_1530629921.png 22 12 19 6
5MOY_1530629907.png 22 12 30 20
5N77_1530629903.png 22 35 25 25
5N80_1530629983.png 22 35 3 0
5NO9_1530629901.png 22 35 30 31
5OWL_1530629953.png 22 30 24 10
5OWX_1530629910.png 22 30 24 2
5OX8_1530629929.png 22 30 2 3
5P11_1530629916.png 22 17 7 7
5PR3_1530629931.png 22 17 34 1
5PZ2_1530629985.png 22 17 27 13
5QDO_1530629932.png 22 32 5 30
5R7L_1530629958.png 22 34 25 10
5RJW_1530629922.png 22 34 9 24
5RZN_1530629970.png 22 34 27 35
5TK2_1530629943.png 22 6 33 13
5U2V_1530629921.png 22 16 13 11
5UL3_1530629946.png 22 16 10 1
5UNR_1530629901.png 22 16 35 34
5UON_1530629930.png 22 16 30 35
5USA_1530629981.png 22 16 28 21
5W3I_1530629920.png 22 24 1 4
5WRR_1530629994.png 22 24 34 34
5YJA_1530629923.png 22 20 9 21
5YP0_1530629919.png 22 20 17 0
5Z0V_1530629946.png 22 27 0 11
60DT_1530629963.png 23 0 5 6
60OC_1530629978.png 23 0 30 18
60U4_1530629974.png 23 0 16 19
60W9_1530629919.png 23 0 24 31
6139_1530629984.png 23 7 1 31
6172_1530629917.png 23 7 25 13
61BH_1530629974.png 23 7 14 8
61WG_1530629956.png 23 7 24 15
6239_1530629902.png 23 13 1 31
6381_1530629995.png 23 1 3 7
63MK_1530629925.png 23 1 12 33
644Z_1530629927.png 23 19 19 27
64CG_1530629935.png 23 19 18 15
64CL_1530629977.png 23 19 18 10
64JP_1530629929.png 23 19 9 17
6577_1530629930.png 23 22 25 25
65BE_1530629966.png 23 22 14 26
67AV_1530629987.png 23 25 21 11
67UR_1530629924.png 23 25 16 34
68U9_1530629899.png 23 3 16 31
6912_1530629908.png 23 31 7 13
69SB_1530629907.png 23 31 28 14
6A0J_1530629932.png 23 21 0 9
6A0Y_1530629948.png 23 21 0 20
6CF7_1530629939.png 23 18 29 25
6D0Y_1530629967.png 23 5 0 20
6D4E_1530629925.png 23 5 19 26
6D6B_1530629977.png 23 5 23 14
6DX3_1530629993.png 23 5 2 1
6EHZ_1530629917.png 23 26 8 27
6ET0_1530629920.png 23 26 6 0
6FZ9_1530629919.png 23 29 27 31
6GNH_1530629912.png 23 15 35 8
6GNT_1530629984.png 23 15 35 6
6GW4_1530629912.png 23 15 24 19
6H6A_1530629934.png 23 8 23 21
6HR0_1530629946.png 23 8 34 0
6HW4_1530629898.png 23 8 24 19
6ITD_1530629940.png 23 4 6 5
6J4Y_1530629944.png 23 9 19 20
6JP5_1530629909.png 23 9 17 22
6KNP_1530629922.png 23 33 35 17
6L6N_1530629979.png 23 10 23 35
6M0A_1530629906.png 23 12 0 21
6MD9_1530629944.png 23 12 5 31
6MM6_1530629913.png 23 12 12 23
6MOF_1530629933.png 23 12 30 29
6MQY_1530629923.png 23 12 32 20
6N2G_1530629934.png 23 35 13 15
6N3X_1530629975.png 23 35 1 2
6NDA_1530629977.png 23 35 5 21
6NRX_1530629915.png 23 35 34 2
6OOX_1530629918.png 23 30 30 2
6QAT_1530629913.png 23 32 21 6
6QW5_1530629918.png 23 32 24 22
6R5D_1530629908.png 23 34 22 5
6RMZ_1530629911.png 23 34 12 27
6S1C_1530629967.png 23 28 7 18
6TA2_1530629964.png 23 6 21 13
6TDC_1530629929.png 23 6 5 18
6TKP_1530629924.png 23 6 33 17
6U73_1530629938.png 23 16 25 1
6UFS_1530629936.png 23 16 29 28
6W3A_1530629906.png 23 24 1 21
6WA9_1530629960.png 23 24 21 31
6WBZ_1530629978.png 23 24 14 27
6WR3_1530629950.png 23 24 34 1
6WSD_1530629912.png 23 24 28 5
6X3D_1530629899.png 23 2 1 5
6X6Z_1530629938.png 23 2 23 27
6XL8_1530629975.png 23 2 10 3
6YFW_1530629940.png 23 20 29 24
6YGC_1530629962.png 23 20 15 18
6YS0_1530629986.png 23 20 28 0
6ZS8_1530629944.png 23 27 28 3
727T_1530629937.png 25 13 25 6
72N5_1530629973.png 25 13 35 22
72R7_1530629906.png 25 13 34 25
737Y_1530629901.png 25 1 25 20
74IR_1530629975.png 25 19 4 34
74P3_1530629904.png 25 19 17 1
752F_1530629912.png 25 22 13 29
769X_1530629919.png 25 23 31 2
76S2_1530629994.png 25 23 28 13
76SX_1530629902.png 25 23 28 2
771P_1530629910.png 25 25 7 17
77DU_1530629914.png 25 25 5 16
77UJ_1530629925.png 25 25 16 9
787L_1530629935.png 25 3 25 10
78MF_1530629965.png 25 3 12 29
78MZ_1530629905.png 25 3 12 27
78Q5_1530629898.png 25 3 32 22
78SI_1530629959.png 25 3 28 4
78XC_1530629912.png 25 3 2 18
793W_1530629941.png 25 31 1 24
79DD_1530629918.png 25 31 5 5
79QR_1530629942.png 25 31 32 34
79RK_1530629945.png 25 31 34 33
7A0O_1530629927.png 25 21 0 30
7AQ6_1530629940.png 25 21 32 23
7BBS_1530629981.png 25 14 14 28
7BOK_1530629910.png 25 14 30 33
7C91_1530629950.png 25 18 31 7
7CMS_1530629973.png 25 18 12 28
7D9S_1530629904.png 25 5 31 28
7DIS_1530629924.png 25 5 4 28
7DXH_1530629977.png 25 5 2 8
7E5L_1530629953.png 25 26 22 10
7EOQ_1530629922.png 25 26 30 32
7ETE_1530629933.png 25 26 6 26
7GD1_1530629939.png 25 15 5 7
7GL0_1530629949.png 25 15 10 0
7GOV_1530629924.png 25 15 30 11
7HD3_1530629916.png 25 8 5 1
7HT9_1530629981.png 25 8 6 31
7I0J_1530629987.png 25 4 0 9
7JLA_1530629954.png 25 9 10 21
7K5P_1530629945.png 25 33 22 17
7KFU_1530629969.png 25 33 29 16
7KVC_1530629930.png 25 33 11 18
7NB0_1530629930.png 25 35 14 0
7NLF_1530629919.png 25 35 10 29
7NRM_1530629912.png 25 35 34 12
7OLN_1530629944.png 25 30 10 35
7OYH_1530629914.png 25 30 20 8
7P1P_1530629951.png 25 17 7 17
7P3X_1530629941.png 25 17 1 2
7PN9_1530629942.png 25 17 35 31
7QX0_1530629918.png 25 32 2 0
7RWF_1530629968.png 25 34 24 29
7RY1_1530629913.png 25 34 20 7
7S8Z_1530629976.png 25 28 3 27
7SF7_1530629945.png 25 28 29 25
7TCK_1530629927.png 25 6 18 33
7UAN_1530629929.png 25 16 21 35
7UL2_1530629936.png 25 16 10 13
7V9H_1530629930.png 25 11 31 8
7VFZ_1530629907.png 25 11 29 27
7W6N_1530629974.png 25 24 23 35
7WCM_1530629932.png 25 24 18 12
7WVQ_1530629958.png 25 24 11 32
7Y77_1530629904.png 25 20 25 25
7Y80_1530629945.png 25 20 3 0
7YJI_1530629944.png 25 20 9 4
7YLU_1530629949.png 25 20 10 16
7YQK_1530629918.png 25 20 32 33
7Z8O_1530629962.png 25 27 3 30
7ZHN_1530629918.png 25 27 8 35
7ZMF_1530629982.png 25 27 12 29
806O_1530629940.png 3 0 23 30
810N_1530629918.png 3 7 0 35
8113_1530629912.png 3 7 7 1
818Q_1530629949.png 3 7 3 32
81J3_1530629961.png 3 7 9 1
825X_1530629938.png 3 13 22 2
827E_1530629903.png 3 13 25 26
833C_1530629896.png 3 1 1 18
83OU_1530629909.png 3 1 30 16
84S5_1530629928.png 3 19 28 22
858E_1530629929.png 3 22 3 26
85YP_1530629936.png 3 22 20 17
863N_1530629908.png 3 23 1 35
86MX_1530629904.png 3 23 12 2
86S3_1530629917.png 3 23 28 1
86SQ_1530629937.png 3 23 28 32
87US_1530629943.png 3 25 16 28
88MX_1530629949.png 3 3 12 2
88RU_1530629908.png 3 3 34 16
88UW_1530629937.png 3 3 16 24
899P_1530629904.png 3 31 31 17
89H0_1530629918.png 3 31 8 0
89OB_1530629912.png 3 31 30 14
8A6D_1530629978.png 3 21 23 5
8A7Q_1530629919.png 3 21 25 32
8AFE_1530629949.png 3 21 29 26
8B0P_1530629939.png 3 14 0 17
8BCC_1530629919.png 3 14 18 18
8BOG_1530629921.png 3 14 30 15
8BSH_1530629903.png 3 14 28 8
8C42_1530629903.png 3 18 19 13
8C6W_1530629901.png 3 18 23 24
8CT8_1530629902.png 3 18 6 3
8CUO_1530629986.png 3 18 16 30
8CW8_1530629973.png 3 18 24 3
8DE5_1530629959.png 3 5 26 22
8DQ7_1530629953.png 3 5 32 25
8DRI_1530629932.png 3 5 34 4
8DVG_1530629949.png 3 5 11 15
8DW0_1530629896.png 3 5 24 0
8EDH_1530629909.png 3 26 5 8
8EGS_1530629924.png 3 26 15 28
8EN4_1530629976.png 3 26 35 19
8EX0_1530629946.png 3 26 2 0
8EYO_1530629939.png 3 26 20 30
8G2Z_1530629900.png 3 15 13 27
8HA5_1530629965.png 3 8 21 22
8HNR_1530629924.png 3 8 35 34
8HPD_1530629984.png 3 8 17 5
8HWQ_1530629922.png 3 8 24 32
8IJL_1530629918.png 3 4 9 10
8JBZ_1530629940.png 3 9 14 27
8JHU_1530629903.png 3 9 8 16
8JJQ_1530629922.png 3 9 9 32
8KD6_1530629933.png 3 33 5 23
8LR9_1530629941.png 3 10 34 31
8LT6_1530629963.png 3 10 6 23
8LZO_1530629985.png 3 10 27 30
8MGK_1530629931.png 3 12 15 33
8ODR_1530629986.png 3 30 5 34
8OJP_1530629917.png 3 30 9 17
8OXA_1530629896.png 3 30 2 21
8P6V_1530629921.png 3 17 23 11
8PDJ_1530629945.png 3 17 5 9
8PME_1530629930.png 3 17 12 26
8PPC_1530629897.png 3 17 17 18
8PZN_1530629986.png 3 17 27 35
8QP4_1530629937.png 3 32 17 19
8QQL_1530629976.png 3 32 32 10
8SAD_1530629943.png 3 28 21 5
8T1L_1530629900.png 3 6 7 10
8UH9_1530629929.png 3 16 8 31
8V08_1530629936.png 3 11 0 3
8VPE_1530629950.png 3 11 17 26
8WDP_1530629917.png 3 24 5 17
8WIF_1530629909.png 3 24 4 29
8XGI_1530629907.png 3 2 15 4
8XP8_1530629928.png 3 2 17 3
8XWE_1530629938.png 3 2 24 26
8YEV_1530629949.png 3 20 26 11
8Z2K_1530629906.png 3 27 13 33
8Z9Y_1530629945.png 3 27 31 20
8ZIE_1530629911.png 3 27 4 26
90B6_1530629931.png 31 0 14 23
90OX_1530629909.png 31 0 30 2
9169_1530629913.png 31 7 23 31
929N_1530629903.png 31 13 31 35
92E2_1530629982.png 31 13 26 13
93EZ_1530629953.png 31 1 26 27
94SU_1530629936.png 31 19 28 16
95JM_1530629901.png 31 22 9 12
95L6_1530629922.png 31 22 10 23
964N_1530629943.png 31 23 19 35
96AU_1530629945.png 31 23 21 16
96MA_1530629921.png 31 23 12 21
96W9_1530629898.png 31 23 24 31
97EH_1530629937.png 31 25 26 8
97UI_1530629925.png 31 25 16 4
988O_1530629930.png 31 3 3 30
98EY_1530629923.png 31 3 26 20
992J_1530629960.png 31 31 13 9
99RV_1530629902.png 31 31 34 11
9A0W_1530629917.png 31 21 0 24
9AXE_1530629916.png 31 21 2 26
9BZI_1530629939.png 31 14 27 4
9C0U_1530629904.png 31 18 0 16
9CFK_1530629904.png 31 18 29 33
9DA3_1530629938.png 31 5 21 1
9E6A_1530629917.png 31 26 23 21
9EIQ_1530629910.png 31 26 4 32
9FKU_1530629942.png 31 29 33 16
9FN9_1530629917.png 31 29 35 31
9G17_1530629917.png 31 15 7 25
9GLY_1530629945.png 31 15 10 20
9GUL_1530629939.png 31 15 16 10
9HRG_1530629921.png 31 8 34 15
9IAY_1530629940.png 31 4 21 20
9INR_1530629953.png 31 4 35 34
9IUM_1530629945.png 31 4 16 12
9JEF_1530629921.png 31 9 26 29
9K5I_1530629924.png 31 33 22 4
9KWM_1530629902.png 31 33 24 12
9MXT_1530629980.png 31 12 2 6
9NX1_1530629922.png 31 35 2 7
9NXF_1530629995.png 31 35 2 29
9NZ3_1530629913.png 31 35 27 1
9ODH_1530629963.png 31 30 5 8
9OPH_1530629922.png 31 30 17 8
9OPL_1530629907.png 31 30 17 10
9OYW_1530629920.png 31 30 20 24
9P8S_1530629898.png 31 17 3 28
9PHU_1530629902.png 31 17 8 16
9PVM_1530629977.png 31 17 11 12
9Q14_1530629915.png 31 32 7 19
9Q5C_1530629911.png 31 32 22 18
9Q8O_1530629907.png 31 32 3 30
9QKY_1530629935.png 31 32 33 20
9QMW_1530629985.png 31 32 12 24
9ROJ_1530629946.png 31 34 30 9
9RUB_1530629979.png 31 34 16 14
9S1C_1530629932.png 31 28 7 18
9SCM_1530629940.png 31 28 18 12
9SWU_1530629928.png 31 28 24 16
9T57_1530629933.png 31 6 22 25
9TDA_1530629927.png 31 6 5 21
9TMO_1530629943.png 31 6 12 30
9TWA_1530629921.png 31 6 24 21
9UPV_1530629978.png 31 16 17 11
9VIX_1530629985.png 31 11 4 2
9VL4_1530629936.png 31 11 10 19
9VR2_1530629974.png 31 11 34 13
9WFY_1530629969.png 31 24 29 20
9WM6_1530629901.png 31 24 12 23
9WO6_1530629928.png 31 24 30 23
9WVY_1530629978.png 31 24 11 20
9XPH_1530629975.png 31 2 17 8
9XS0_1530629945.png 31 2 28 0
9XX2_1530629936.png 31 2 2 13
9Y1Q_1530629948.png 31 20 7 32
9YIG_1530629897.png 31 20 4 15
9ZGS_1530629925.png 31 27 15 28
A1P7_1530629917.png 21 7 17 25
A1PS_1530629951.png 21 7 17 28
A1UH_1530629945.png 21 7 16 8
A1Y8_1530629985.png 21 7 20 3
A22F_1530629950.png 21 13 13 29
A2GB_1530629933.png 21 13 15 14
A2MC_1530629924.png 21 13 12 18
A2NH_1530629974.png 21 13 35 8
A3AL_1530629938.png 21 1 21 10
A3BJ_1530629912.png 21 1 14 9
A3IX_1530629934.png 21 1 4 2
A3NX_1530629934.png 21 1 35 2
A43I_1530629944.png 21 19 1 4
A49Y_1530629931.png 21 19 31 20
A4AR_1530629901.png 21 19 21 34
A4KO_1530629909.png 21 19 33 30
A4NC_1530629949.png 21 19 35 18
A5BE_1530629938.png 21 22 14 26
A5ZJ_1530629913.png 21 22 27 9
A6SC_1530629926.png 21 23 28 18
A6YJ_1530629931.png 21 23 20 9
A710_1530629971.png 21 25 7 0
A732_1530629916.png 21 25 1 13
A78Y_1530629942.png 21 25 3 20
A7C2_1530629925.png 21 25 18 13
A8WX_1530629917.png 21 3 24 2
AAEC_1530629937.png 21 21 26 18
AAFC_1530629919.png 21 21 29 18
ABCS_1530629972.png 21 14 18 28
ABRT_1530629936.png 21 14 34 6
ABY4_1530629976.png 21 14 20 19
AC1Q_1530629898.png 21 18 7 32
AC9B_1530629994.png 21 18 31 14
ACLS_1530629979.png 21 18 10 28
ACME_1530629906.png 21 18 12 26
ACW2_1530629961.png 21 18 24 13
AD3C_1530629974.png 21 5 1 18
ADE3_1530629947.png 21 5 26 1
ADSN_1530629975.png 21 5 28 35
AE2C_1530629955.png 21 26 13 18
AECJ_1530629986.png 21 26 18 9
AELD_1530629920.png 21 26 10 5
AEO9_1530629921.png 21 26 30 31
AEY0_1530629903.png 21 26 20 0
AF53_1530629914.png 21 29 22 1
AFB3_1530629900.png 21 29 14 1
AFMC_1530629949.png 21 29 12 18
AGFE_1530629917.png 21 15 29 26
AGWL_1530629979.png 21 15 24 10
AHAO_1530629916.png 21 8 21 30
AI2Z_1530629898.png 21 4 13 27
AICA_1530629982.png 21 4 18 21
AIM8_1530629921.png 21 4 12 3
AIZ4_1530629972.png 21 4 27 19
AL27_1530629979.png 21 10 13 25
AL98_1530629896.png 21 10 31 3
ALQ4_1530629994.png 21 10 32 19
ALQR_1530629909.png 21 10 32 34
ALQV_1530629912.png 21 10 32 11
ALRB_1530629897.png 21 10 34 14
AM7X_1530629906.png 21 12 25 2
AMU4_1530629923.png 21 12 16 19
AMXS_1530629930.png 21 12 2 28
ANVS_1530629918.png 21 35 11 28
AOBL_1530629928.png 21 30 14 10
AOH9_1530629962.png 21 30 8 31
AQX2_1530629908.png 21 32 2 13
ARII_1530629921.png 21 34 4 4
AS2U_1530629986.png 21 28 13 16
AS6V_1530629929.png 21 28 23 11
AS86_1530629927.png 21 28 3 23
ASI2_1530629954.png 21 28 4 13
ATRO_1530629968.png 21 6 34 30
AU5R_1530629931.png 21 16 22 34
AU66_1530629898.png 21 16 23 23
AW8T_1530629926.png 21 24 3 6
AWT9_1530629925.png 21 24 6 31
AXV7_1530629931.png 21 2 11 25
AXYT_1530629957.png 21 2 20 6
AZRV_1530629930.png 21 27 34 11
AZWC_1530629977.png 21 27 24 18
B076_1530629945.png 14 0 25 23
B0KF_1530629934.png 14 0 33 29
B0PK_1530629918.png 14 0 17 33
B0ZP_1530629902.png 14 0 27 17
B20T_1530629914.png 14 13 0 6
B23B_1530629978.png 14 13 1 14
B2UQ_1530629929.png 14 13 16 32
B32A_1530629934.png 14 1 13 21
B3DR_1530629968.png 14 1 5 34
B4AW_1530629922.png 14 19 21 24
B5EQ_1530629946.png 14 22 26 32
B5PH_1530629940.png 14 22 17 8
B6DM_1530629974.png 14 23 5 12
B6WJ_1530629921.png 14 23 24 9
B6WN_1530629926.png 14 23 24 35
B84E_1530629941.png 14 3 19 26
B8EY_1530629920.png 14 3 26 20
B95R_1530629916.png 14 31 22 34
B98B_1530629986.png 14 31 3 14
B9I8_1530629960.png 14 31 4 3
B9YW_1530629993.png 14 31 20 24
BB81_1530629981.png 14 14 3 7
BBFH_1530629907.png 14 14 29 8
BDK3_1530629926.png 14 5 33 1
BDSN_1530629917.png 14 5 28 35
BEQA_1530629933.png 14 26 32 21
BFCR_1530629912.png 14 29 18 34
BFFS_1530629911.png 14 29 29 28
BFLH_1530629912.png 14 29 10 8
BGD3_1530629943.png 14 15 5 1
BHW9_1530629979.png 14 8 24 31
BIBC_1530629932.png 14 4 14 18
BIG8_1530629935.png 14 4 15 3
BIVA_1530629916.png 14 4 11 21
BJBN_1530629935.png 14 9 14 35
BKOA_1530629933.png 14 33 30 21
BKUI_1530629927.png 14 33 16 4
BLCT_1530629913.png 14 10 18 6
BLGO_1530629912.png 14 10 15 30
BLQK_1530629957.png 14 10 32 33
BMA3_1530629899.png 14 12 21 1
BMHH_1530629915.png 14 12 8 8
BMK4_1530629933.png 14 12 33 19
BMMB_1530629936.png 14 12 12 14
BMRO_1530629980.png 14 12 34 30
BMY3_1530629918.png 14 12 20 1
BN4A_1530629926.png 14 35 19 21
BN8V_1530629914.png 14 35 3 11
BNEL_1530629928.png 14 35 26 10
BO8H_1530629907.png 14 30 3 8
BPMT_1530629922.png 14 17 12 6
BQ0D_1530629917.png 14 32 0 5
BQLX_1530629920.png 14 32 10 2
BQOZ_1530629917.png 14 32 30 27
BQW2_1530629980.png 14 32 24 13
BRCM_1530629942.png 14 34 18 12
BRJW_1530629934.png 14 34 9 24
BRO9_1530629971.png 14 34 30 31
BS1X_1530629942.png 14 28 7 2
BSMG_1530629912.png 14 28 12 15
BTE4_1530629935.png 14 6 26 19
BTQD_1530629904.png 14 6 32 5
BTTE_1530629905.png 14 6 6 26
BU0I_1530629914.png 14 16 0 4
BU4U_1530629919.png 14 16 19 16
BUCJ_1530629928.png 14 16 18 9
BUMC_1530629954.png 14 16 12 18
BV9Q_1530629923.png 14 11 31 32
BVKU_1530629935.png 14 11 33 16
BVSH_1530629913.png 14 11 28 8
BWBO_1530629909.png 14 24 14 30
BXR9_1530629919.png 14 2 34 31
BXUH_1530629987.png 14 2 16 8
BZP2_1530629910.png 14 27 17 13
BZTZ_1530629906.png 14 27 6 27
C1ZL_1530629932.png 18 7 27 10
C27P_1530629927.png 18 13 25 17
C2LA_1530629949.png 18 13 10 21
C2UL_1530629922.png 18 13 16 10
C2WO_1530629909.png 18 13 24 30
C3NN_1530629971.png 18 1 35 35
C3XZ_1530629948.png 18 1 2 27
C4R5_1530629921.png 18 19 34 22
C52V_1530629900.png 18 22 13 11
C59T_1530629940.png 18 22 31 6
C5D9_1530629942.png 18 22 5 31
C5ZJ_1530629916.png 18 22 27 9
C605_1530629950.png 18 23 0 22
C640_1530629904.png 18 23 19 0
C64T_1530629897.png 18 23 19 6
C688_1530629897.png 18 23 3 3
C68R_1530629902.png 18 23 3 34
C7C4_1530629928.png 18 25 18 19
C7M4_1530629912.png 18 25 12 19
C96F_1530629921.png 18 31 23 29
C9DY_1530629901.png 18 31 5 20
C9GN_1530629934.png 18 31 15 35
CA42_1530629974.png 18 21 19 13
CB5J_1530629901.png 18 14 22 9
CBG3_1530629905.png 18 14 15 1
CBKR_1530629907.png 18 14 33 34
CBNV_1530629931.png 18 14 35 11
CCM4_1530629922.png 18 18 12 19
CCUL_1530629901.png 18 18 16 10
CCZ7_1530629914.png 18 18 27 25
CD3L_1530629967.png 18 5 1 10
CD41_1530629938.png 18 5 19 7
CD4A_1530629910.png 18 5 19 21
CDOE_1530629961.png 18 5 30 26
CE2M_1530629905.png 18 26 13 12
CEUA_1530629942.png 18 26 16 21
CEZ7_1530629931.png 18 26 27 25
CEZP_1530629956.png 18 26 27 17
CF3U_1530629912.png 18 29 1 16
CFW8_1530629905.png 18 29 24 3
CHX0_1530629984.png 18 8 2 0
CIBQ_1530629909.png 18 4 14 32
CINE_1530629985.png 18 4 35 26
CJ1N_1530629899.png 18 9 7 35
CKHY_1530629986.png 18 33 8 20
CKLA_1530629963.png 18 33 10 21
CKQG_1530629935.png 18 33 32 15
CLKM_1530629923.png 18 10 33 12
CLPM_1530629968.png 18 10 17 12
CMHW_1530629939.png 18 12 8 24
CN0D_1530629896.png 18 35 0 5
CN2Z_1530629926.png 18 35 13 27
CND1_1530629931.png 18 35 5 7
CO7O_1530629912.png 18 30 25 30
CO8J_1530629912.png 18 30 3 9
CO9Q_1530629907.png 18 30 31 32
COF2_1530629910.png 18 30 29 13
CONQ_1530629932.png 18 30 35 32
COP6_1530629993.png 18 30 17 23
CP32_1530629913.png 18 17 1 13
CP4E_1530629932.png 18 17 19 26
CP8K_1530629896.png 18 17 3 33
CPCC_1530629914.png 18 17 18 18
CPDG_1530629936.png 18 17 5 15
CPHH_1530629937.png 18 17 8 8
CQ38_1530629921.png 18 32 1 3
CR60_1530629907.png 18 34 23 0
CR6Y_1530629905.png 18 34 23 20
CRMF_1530629912.png 18 34 12 29
CROZ_1530629933.png 18 34 30 27
CSAF_1530629900.png 18 28 21 29
CSG6_1530629946.png 18 28 15 23
CSXX_1530629980.png 18 28 2 2
CTDY_1530629914.png 18 6 5 20
CTW4_1530629921.png 18 6 24 19
CUW1_1530629930.png 18 16 24 7
CW2Y_1530629954.png 18 24 13 20
CWOL_1530629929.png 18 24 30 10
CWZZ_1530629915.png 18 24 27 27
CX04_1530629932.png 18 2 0 19
CYAC_1530629915.png 18 20 21 18
CYDO_1530629949.png 18 20 5 30
CYFZ_1530629919.png 18 20 29 27
CYJH_1530629905.png 18 20 9 8
CYYN_1530629944.png 18 20 20 35
CZI0_1530629907.png 18 27 4 0
CZYZ_1530629928.png 18 27 20 27
D08K_1530629922.png 5 0 3 33
D10G_1530629922.png 5 7 0 15
D16H_1530629903.png 5 7 23 8
D18A_1530629944.png 5 7 3 21
D1CV_1530629938.png 5 7 18 11
D1PB_1530629953.png 5 7 17 14
D2B8_1530629923.png 5 13 14 3
D2NH_1530629944.png 5 13 35 8
D2W3_1530629945.png 5 13 24 1
D33W_1530629950.png 5 1 1 24
D3RN_1530629941.png 5 1 34 35
D3ZS_1530629936.png 5 1 27 28
D596_1530629970.png 5 22 31 23
D5NI_1530629950.png 5 22 35 4
D5SY_1530629939.png 5 22 28 20
D5UB_1530629916.png 5 22 16 14
D65F_1530629944.png 5 23 22 29
D67D_1530629912.png 5 23 25 5
D6AD_1530629915.png 5 23 21 5
D6AU_1530629926.png 5 23 21 16
D6D2_1530629901.png 5 23 5 13
D769_1530629975.png 5 25 23 31
D798_1530629994.png 5 25 31 3
D7TS_1530629911.png 5 25 6 28
D87S_1530629915.png 5 3 25 28
D97K_1530629923.png 5 31 25 33
D998_1530629901.png 5 31 31 3
D9LO_1530629907.png 5 31 10 30
D9T0_1530629935.png 5 31 6 0
DA46_1530629901.png 5 21 19 23
DAJM_1530629937.png 5 21 9 12
DB00_1530629912.png 5 14 0 0
DC6H_1530629902.png 5 18 23 8
DD18_1530629920.png 5 5 7 3
DE5G_1530629978.png 5 26 22 15
DFAC_1530629913.png 5 29 21 18
DFH7_1530629923.png 5 29 8 25
DGH9_1530629919.png 5 15 8 31
DGXJ_1530629933.png 5 15 2 9
DH20_1530629923.png 5 8 13 0
DHBL_1530629914.png 5 8 14 10
DIUO_1530629942.png 5 4 16 30
DJG2_1530629908.png 5 9 15 13
DJUT_1530629919.png 5 9 16 6
DK55_1530629943.png 5 33 22 22
DKML_1530629940.png 5 33 12 10
DLMG_1530629942.png 5 10 12 15
DLYY_1530629915.png 5 10 20 20
DM4A_1530629945.png 5 12 19 21
DMSK_1530629897.png 5 12 28 33
DNNP_1530629931.png 5 35 35 17
DOJO_1530629924.png 5 30 9 30
DOKS_1530629976.png 5 30 33 28
DP22_1530629942.png 5 17 13 13
DQ8F_1530629905.png 5 32 3 29
DQK4_1530629930.png 5 32 33 19
DQTK_1530629902.png 5 32 6 33
DRBX_1530629941.png 5 34 14 2
DRCH_1530629904.png 5 34 18 8
DRL4_1530629931.png 5 34 10 19
DSKT_1530629930.png 5 28 33 6
DSTE_1530629927.png 5 28 6 26
DSUI_1530629942.png 5 28 16 4
DSVN_1530629915.png 5 28 11 35
DTFK_1530629938.png 5 6 29 33
DTJV_1530629909.png 5 6 9 11
DTOL_1530629916.png 5 6 30 10
DTRF_1530629901.png 5 6 34 29
DTYA_1530629905.png 5 6 20 21
DU0L_1530629937.png 5 16 0 10
DVFL_1530629924.png 5 11 29 10
DVI8_1530629904.png 5 11 4 3
DVKM_1530629899.png 5 11 33 12
DVSN_1530629936.png 5 11 28 35
DWGE_1530629933.png 5 24 15 26
DWJU_1530629976.png 5 24 9 16
DXLO_1530629939.png 5 2 10 30
DXMN_1530629923.png 5 2 12 35
DXO6_1530629921.png 5 2 30 23
DYJA_1530629952.png 5 20 9 21
DYKV_1530629939.png 5 20 33 11
DYME_1530629972.png 5 20 12 26
DYXW_1530629953.png 5 20 2 24
DYZS_1530629917.png 5 20 27 28
DZ1F_1530629913.png 5 27 7 29
E051_1530629986.png 26 0 22 7
E09D_1530629912.png 26 0 31 5
E0FP_1530629904.png 26 0 29 17
E0XE_1530629930.png 26 0 2 26
E18W_1530629917.png 26 7 3 24
E1UU_1530629931.png 26 7 16 16
E1V4_1530629901.png 26 7 11 19
E22O_1530629912.png 26 13 13 30
E2TI_1530629915.png 26 13 6 4
E39N_1530629937.png 26 1 31 35
E39O_1530629919.png 26 1 31 30
E4HU_1530629946.png 26 19 8 16
E4JL_1530629902.png 26 19 9 10
E58M_1530629987.png 26 22 3 12
E5CV_1530629910.png 26 22 18 11
E6KA_1530629942.png 26 23 33 21
E723_1530629987.png 26 25 13 1
E7IR_1530629934.png 26 25 4 34
E7OY_1530629918.png 26 25 30 20
E7P9_1530629898.png 26 25 17 31
E9A0_1530629981.png 26 31 21 0
E9T2_1530629950.png 26 31 6 13
EADK_1530629993.png 26 21 5 33
EAOL_1530629897.png 26 21 30 10
EAU5_1530629981.png 26 21 16 22
EB32_1530629927.png 26 14 1 13
EC14_1530629920.png 26 18 7 19
EC17_1530629919.png 26 18 7 25
EC78_1530629900.png 26 18 25 3
ECR2_1530629923.png 26 18 34 13
ED5J_1530629974.png 26 5 22 9
EE92_1530629905.png 26 26 31 13
EESP_1530629975.png 26 26 28 17
EG7B_1530629908.png 26 15 25 14
EHA9_1530629911.png 26 8 21 31
EHYN_1530629906.png 26 8 20 35
EI9Q_1530629930.png 26 4 31 32
EJB3_1530629908.png 26 9 14 1
EJGJ_1530629931.png 26 9 15 9
EJJ9_1530629910.png 26 9 9 31
EJKI_1530629976.png 26 9 33 4
EJSA_1530629905.png 26 9 28 21
EK38_1530629932.png 26 33 1 3
EKEO_1530629943.png 26 33 26 30
EL6S_1530629907.png 26 10 23 28
ENHU_1530629898.png 26 35 8 16
ENU4_1530629942.png 26 35 16 19
EPSY_1530629941.png 26 17 28 20
EQST_1530629930.png 26 32 28 6
ERBL_1530629908.png 26 34 14 10
ERN1_1530629936.png 26 34 35 7
ES05_1530629905.png 26 28 0 22
ESAU_1530629915.png 26 28 21 16
ESCW_1530629931.png 26 28 18 24
ET8R_1530629939.png 26 6 3 34
ETXD_1530629908.png 26 6 2 5
EV0B_1530629911.png 26 11 0 14
EVGS_1530629963.png 26 11 15 28
EVK6_1530629985.png 26 11 33 23
EVWF_1530629905.png 26 11 24 29
EW2U_1530629920.png 26 24 13 16
EW4P_1530629940.png 26 24 19 17
EWR1_1530629903.png 26 24 34 7
EWT8_1530629976.png 26 24 6 3
EWZ4_1530629903.png 26 24 27 19
EX8A_1530629932.png 26 2 3 21
EXCZ_1530629918.png 26 2 18 27
EYAV_1530629949.png 26 20 21 11
EYQ5_1530629905.png 26 20 32 22
EYRN_1530629972.png 26 20 34 35
EZJD_1530629974.png 26 27 9 5
EZL3_1530629936.png 26 27 10 1
EZWA_1530629985.png 26 27 24 21
EZWD_1530629916.png 26 27 24 5
F0K4_1530629980.png 29 0 33 19
F0QH_1530629931.png 29 0 32 8
F0R6_1530629931.png 29 0 34 23
F0RO_1530629992.png 29 0 34 30
F0SL_1530629926.png 29 0 28 10
F0U8_1530629933.png 29 0 16 3
F0UA_1530629959.png 29 0 16 21
F156_1530629954.png 29 7 22 23
F1XP_1530629908.png 29 7 2 17
F22I_1530629924.png 29 13 13 4
F22W_1530629957.png 29 13 13 24
F2RN_1530629925.png 29 13 34 35
F2TB_1530629903.png 29 13 6 14
F2WQ_1530629923.png 29 13 24 32
F3FO_1530629919.png 29 1 29 30
F47X_1530629947.png 29 19 25 2
F51P_1530629935.png 29 22 7 17
F5B3_1530629919.png 29 22 14 1
F5GH_1530629926.png 29 22 15 8
F5JC_1530629911.png 29 22 9 18
F5KT_1530629963.png 29 22 33 6
F60Z_1530629935.png 29 23 0 27
F6QE_1530629910.png 29 23 32 26
F77O_1530629926.png 29 25 25 30
F7DH_1530629903.png 29 25 5 8
F7PJ_1530629939.png 29 25 17 9
F7WX_1530629934.png 29 25 24 2
F87Z_1530629919.png 29 3 25 27
F8EQ_1530629945.png 29 3 26 32
F8FJ_1530629930.png 29 3 29 9
F93J_1530629905.png 29 31 1 9
F940_1530629944.png 29 31 19 0
F9F2_1530629900.png 29 31 29 13
F9NQ_1530629994.png 29 31 35 32
F9VE_1530629907.png 29 31 11 26
FA1Z_1530629920.png 29 21 7 27
FA8O_1530629977.png 29 21 3 30
FAEO_1530629904.png 29 21 26 30
FAJT_1530629987.png 29 21 9 6
FAMQ_1530629945.png 29 21 12 32
FAON_1530629992.png 29 21 30 35
FBCC_1530629930.png 29 14 18 18
FBLB_1530629930.png 29 14 10 14
FC09_1530629936.png 29 18 0 31
FC5V_1530629922.png 29 18 22 11
FCH1_1530629941.png 29 18 8 7
FCHG_1530629916.png 29 18 8 15
FDGL_1530629924.png 29 5 15 10
FE66_1530629982.png 29 26 23 23
FEHM_1530629930.png 29 26 8 12
FFIE_1530629901.png 29 29 4 26
FFNB_1530629942.png 29 29 35 14
FFVH_1530629919.png 29 29 11 8
FGGD_1530629962.png 29 15 15 5
FGGM_1530629908.png 29 15 15 12
FGOX_1530629900.png 29 15 30 2
FH58_1530629959.png 29 8 22 3
FHFF_1530629963.png 29 8 29 29
FHOG_1530629951.png 29 8 30 15
FHRC_1530629907.png 29 8 34 18
FHSK_1530629912.png 29 8 28 33
FHT6_1530629993.png 29 8 6 23
FIFA_1530629938.png 29 4 29 21
FIGR_1530629964.png 29 4 15 34
FJFV_1530629928.png 29 9 29 11
FJME_1530629916.png 29 9 12 26
FJQU_1530629930.png 29 9 32 16
FJVQ_1530629913.png 29 9 11 32
FJZ4_1530629994.png 29 9 27 19
FK1S_1530629979.png 29 33 7 28
FL98_1530629921.png 29 10 31 3
FLM3_1530629907.png 29 10 12 1
FMI3_1530629916.png 29 12 4 1
FOZ6_1530629920.png 29 30 27 23
FPKN_1530629940.png 29 17 33 35
FPOB_1530629929.png 29 17 30 14
FPOF_1530629973.png 29 17 30 29
FPYS_1530629922.png 29 17 20 28
FQ86_1530629921.png 29 32 3 23
FR8T_1530629897.png 29 34 3 6
FRPQ_1530629940.png 29 34 17 32
FRQ2_1530629924.png 29 34 32 13
FS07_1530629934.png 29 28 0 25
FSW5_1530629947.png 29 28 24 22
FSYQ_1530629913.png 29 28 20 32
FT5B_1530629933.png 29 6 22 14
FTHH_1530629945.png 29 6 8 8
FTJ2_1530629940.png 29 6 9 13
FTKV_1530629925.png 29 6 33 11
FU6U_1530629958.png 29 16 23 16
FUM6_1530629920.png 29 16 12 23
FUTZ_1530629958.png 29 16 6 27
FV7D_1530629929.png 29 11 25 5
FVHK_1530629914.png 29 11 8 33
FVJ2_1530629909.png 29 11 9 13
FVPV_1530629899.png 29 11 17 11
FWC1_1530629933.png 29 24 18 7
FXOV_1530629983.png 29 2 30 11
FY7S_1530629910.png 29 20 25 28
FYI1_1530629899.png 29 20 4 7
FYMD_1530629897.png 29 20 12 5
FZ18_1530629935.png 29 27 7 3
FZ1L_1530629908.png 29 27 7 10
FZ75_1530629899.png 29 27 25 22
FZ8A_1530629973.png 29 27 3 21
G083_1530629897.png 15 0 3 1
G0NE_1530629913.png 15 0 35 26
G1EL_1530629975.png 15 7 26 10
G1F7_1530629931.png 15 7 29 25
G26P_1530629906.png 15 13 23 17
G2C9_1530629920.png 15 13 18 31
G2SP_1530629945.png 15 13 28 17
G3KV_1530629949.png 15 1 33 11
G3XX_1530629921.png 15 1 2 2
G3Z6_1530629939.png 15 1 27 23
G42O_1530629913.png 15 19 13 30
G4EM_1530629984.png 15 19 26 12
G4NO_1530629900.png 15 19 35 30
G4UZ_1530629943.png 15 19 16 27
G4YA_1530629944.png 15 19 20 21
G58N_1530629899.png 15 22 3 35
G5J7_1530629938.png 15 22 9 25
G5Y3_1530629939.png 15 22 20 1
G60D_1530629903.png 15 23 0 5
G6CC_1530629975.png 15 23 18 18
G6GC_1530629931.png 15 23 15 18
G7W0_1530629903.png 15 25 24 0
G8U3_1530629911.png 15 3 16 1
G9CM_1530629896.png 15 31 18 12
G9Q6_1530629934.png 15 31 32 23
G9V9_1530629979.png 15 31 11 31
GA0T_1530629993.png 15 21 0 6
GA43_1530629905.png 15 21 19 1
GA96_1530629920.png 15 21 31 23
GBNT_1530629919.png 15 14 35 6
GBY3_1530629978.png 15 14 20 1
GCH5_1530629907.png 15 18 8 22
GCHK_1530629916.png 15 18 8 33
GD08_1530629940.png 15 5 0 3
GD0P_1530629937.png 15 5 0 17
GD4V_1530629928.png 15 5 19 11
GE70_1530629921.png 15 26 25 0
GECE_1530629932.png 15 26 18 26
GENW_1530629921.png 15 26 35 24
GEO4_1530629929.png 15 26 30 19
GERM_1530629925.png 15 26 34 12
GGS1_1530629941.png 15 15 28 7
GH4U_1530629902.png 15 8 19 16
GHFQ_1530629909.png 15 8 29 32
GIHD_1530629992.png 15 4 8 5
GINZ_1530629901.png 15 4 35 27
GISB_1530629939.png 15 4 28 14
GJHR_1530629936.png 15 9 8 34
GJHW_1530629978.png 15 9 8 24
GK1Z_1530629910.png 15 33 7 27
GKTE_1530629907.png 15 33 6 26
GL4G_1530629923.png 15 10 19 15
GL92_1530629899.png 15 10 31 13
GLK3_1530629920.png 15 10 33 1
GM2Q_1530629918.png 15 12 13 32
GN19_1530629898.png 15 35 7 31
GO1Y_1530629926.png 15 30 7 20
GO2M_1530629913.png 15 30 13 12
GO9X_1530629946.png 15 30 31 2
GOBI_1530629939.png 15 30 14 4
GOND_1530629909.png 15 30 35 5
GPGO_1530629975.png 15 17 15 30
GPHE_1530629929.png 15 17 8 26
GR2V_1530629913.png 15 34 13 11
GR53_1530629964.png 15 34 22 1
GRD1_1530629924.png 15 34 5 7
GRFV_1530629932.png 15 34 29 11
GRVH_1530629913.png 15 34 11 8
GT31_1530629935.png 15 6 1 7
GT7U_1530629899.png 15 6 25 16
GTA8_1530629910.png 15 6 21 3
GTLG_1530629921.png 15 6 10 15
GTQN_1530629936.png 15 6 32 35
GTW5_1530629906.png 15 6 24 22
GUTI_1530629931.png 15 16 6 4
GVAH_1530629961.png 15 11 21 8
GVGX_1530629977.png 15 11 15 2
GW86_1530629981.png 15 24 3 23
GXFO_1530629916.png 15 2 29 30
GYRX_1530629922.png 15 20 34 2
GZ16_1530629926.png 15 27 7 23
GZ5S_1530629953.png 15 27 22 28
GZ7M_1530629943.png 15 27 25 12
H0N9_1530629937.png 8 0 35 31
H12T_1530629900.png 8 7 13 6
H16X_1530629959.png 8 7 23 2
H1DI_1530629898.png 8 7 5 4
H28Z_1530629905.png 8 13 3 27
H2YB_1530629906.png 8 13 20 14
H2YG_1530629906.png 8 13 20 15
H3B5_1530629946.png 8 1 14 22
H45C_1530629910.png 8 19 22 18
H4EP_1530629969.png 8 19 26 17
H4J7_1530629913.png 8 19 9 25
H4XI_1530629971.png 8 19 2 4
H53K_1530629916.png 8 22 1 33
H5MN_1530629971.png 8 22 12 35
H5WQ_1530629943.png 8 22 24 32
H5Z5_1530629911.png 8 22 27 22
H6CI_1530629982.png 8 23 18 4
H6I8_1530629974.png 8 23 4 3
H76D_1530629978.png 8 25 23 5
H7HL_1530629927.png 8 25 8 10
H7VK_1530629909.png 8 25 11 33
H8ZB_1530629972.png 8 3 27 14
H9GP_1530629927.png 8 31 15 17
H9WN_1530629992.png 8 31 24 35
HAMY_1530629908.png 8 21 12 20
HARB_1530629929.png 8 21 34 14
HAV9_1530629916.png 8 21 11 31
HB4U_1530629909.png 8 14 19 16
HBCF_1530629908.png 8 14 18 29
HBP9_1530629920.png 8 14 17 31
HCRI_1530629947.png 8 18 34 4
HD24_1530629908.png 8 5 13 19
HD5E_1530629908.png 8 5 22 26
HD6B_1530629898.png 8 5 23 14
HE7I_1530629911.png 8 26 25 4
HE8H_1530629943.png 8 26 3 8
HEI5_1530629969.png 8 26 4 22
HEVH_1530629971.png 8 26 11 8
HF3F_1530629909.png 8 29 1 29
HF3W_1530629921.png 8 29 1 24
HFC3_1530629921.png 8 29 18 1
HFG7_1530629923.png 8 29 15 25
HG63_1530629929.png 8 15 23 1
HGHB_1530629958.png 8 15 8 14
HH34_1530629913.png 8 8 1 19
HHTW_1530629992.png 8 8 6 24
HHV2_1530629917.png 8 8 11 13
HHXE_1530629971.png 8 8 2 26
HIK6_1530629941.png 8 4 33 23
HJ1Q_1530629920.png 8 9 7 32
HJ9V_1530629936.png 8 9 31 11
HJA7_1530629915.png 8 9 21 25
HJQ1_1530629930.png 8 9 32 7
HKJ7_1530629933.png 8 33 9 25
HKLY_1530629909.png 8 33 10 20
HL8O_1530629982.png 8 10 3 30
HLAY_1530629937.png 8 10 21 20
HLSH_1530629934.png 8 10 28 8
HM33_1530629985.png 8 12 1 1
HMAA_1530629900.png 8 12 21 21
HO83_1530629973.png 8 30 3 1
HOLF_1530629908.png 8 30 10 29
HOLO_1530629919.png 8 30 10 30
HOM5_1530629976.png 8 30 12 22
HOS5_1530629900.png 8 30 28 22
HOT1_1530629976.png 8 30 6 7
HOU4_1530629901.png 8 30 16 19
HPF4_1530629975.png 8 17 29 19
HPLU_1530629927.png 8 17 10 16
HQ2M_1530629902.png 8 32 13 12
HQOP_1530629964.png 8 32 30 17
HR4H_1530629910.png 8 34 19 8
HRUN_1530629943.png 8 34 16 35
HRX4_1530629946.png 8 34 2 19
HS1V_1530629994.png 8 28 7 11
HS59_1530629906.png 8 28 22 31
HSOH_1530629900.png 8 28 30 8
HT1H_1530629932.png 8 6 7 8
HT7D_1530629924.png 8 6 25 5
HTNY_1530629914.png 8 6 35 20
HTRR_1530629987.png 8 6 34 34
HU6U_1530629909.png 8 16 23 16
HUKK_1530629928.png 8 16 33 33
HUW9_1530629924.png 8 16 24 31
HVGJ_1530629926.png 8 11 15 9
HX5R_1530629947.png 8 2 22 34
HXED_1530629911.png 8 2 26 5
HXJ2_1530629906.png 8 2 9 13
HXML_1530629948.png 8 2 12 10
HXO1_1530629948.png 8 2 30 7
HY5T_1530629918.png 8 20 22 6
HY9G_1530629945.png 8 20 31 15
HYJI_1530629982.png 8 20 9 4
HYOF_1530629929.png 8 20 30 29
HYYJ_1530629950.png 8 20 20 9
HZ4P_1530629946.png 8 27 19 17
HZME_1530629951.png 8 27 12 26
HZV1_1530629935.png 8 27 11 7
I0HW_1530629897.png 4 0 8 24
I0IW_1530629905.png 4 0 4 24
I10V_1530629899.png 4 7 0 11
I1X9_1530629993.png 4 7 2 31
I2Q7_1530629938.png 4 13 32 25
I3K8_1530629929.png 4 1 33 3
I3W5_1530629917.png 4 1 24 22
I3Y2_1530629900.png 4 1 20 13
I44D_1530629921.png 4 19 19 5
I4U9_1530629938.png 4 19 16 31
I514_1530629929.png 4 22 7 19
I555_1530629921.png 4 22 22 22
I60D_1530629916.png 4 23 0 5
I67C_1530629948.png 4 23 25 18
I6C9_1530629951.png 4 23 18 31
I6F4_1530629921.png 4 23 29 19
I6R6_1530629909.png 4 23 34 23
I6TL_1530629903.png 4 23 6 10
I6TS_1530629972.png 4 23 6 28
I6XS_1530629944.png 4 23 2 28
I7RB_1530629925.png 4 25 34 14
I7Z7_1530629912.png 4 25 27 25
I7ZS_1530629920.png 4 25 27 28
I901_1530629930.png 4 31 0 7
I903_1530629931.png 4 31 0 1
I9GZ_1530629910.png 4 31 15 27
IA0O_1530629951.png 4 21 0 30
IA1I_1530629942.png 4 21 7 4
IAON_1530629938.png 4 21 30 35
IB1Y_1530629939.png 4 14 7 20
IC38_1530629916.png 4 18 1 3
IC7K_1530629942.png 4 18 25 33
ICXN_1530629904.png 4 18 2 35
IEXN_1530629914.png 4 26 2 35
IF7G_1530629902.png 4 29 25 15
IFUB_1530629900.png 4 29 16 14
IGFX_1530629911.png 4 15 29 2
IH9G_1530629900.png 4 8 31 15
IHFH_1530629981.png 4 8 29 8
II53_1530629976.png 4 4 22 1
IIPI_1530629949.png 4 4 17 4
IIZS_1530629924.png 4 4 27 28
IJG7_1530629897.png 4 9 15 25
IJH0_1530629919.png 4 9 8 0
IJWS_1530629931.png 4 9 24 28
IJZ4_1530629931.png 4 9 27 19
IKPN_1530629964.png 4 33 17 35
IKQ6_1530629932.png 4 33 32 23
IM04_1530629945.png 4 12 0 19
IM3K_1530629912.png 4 12 1 33
IMMG_1530629918.png 4 12 12 15
IMWF_1530629950.png 4 12 24 29
INIK_1530629938.png 4 35 4 33
INPE_1530629994.png 4 35 17 26
INYR_1530629982.png 4 35 20 34
IP9Q_1530629923.png 4 17 31 32
IPBQ_1530629897.png 4 17 14 32
IPFU_1530629904.png 4 17 29 16
IQR5_1530629906.png 4 32 34 22
IROE_1530629964.png 4 34 30 26
IRRD_1530629930.png 4 34 34 5
IS9R_1530629970.png 4 28 31 34
ISH9_1530629922.png 4 28 8 31
ISTK_1530629907.png 4 28 6 33
ITOT_1530629931.png 4 6 30 6
IU58_1530629900.png 4 16 22 3
IU62_1530629909.png 4 16 23 13
IUM5_1530629921.png 4 16 12 22
IVA8_1530629914.png 4 11 21 3
IVUS_1530629978.png 4 11 16 28
IWQR_1530629918.png 4 24 32 34
IWW8_1530629926.png 4 24 24 3
IWZ4_1530629934.png 4 24 27 19
IXZF_1530629915.png 4 2 27 29
IYZH_1530629929.png 4 20 27 8
J180_1530629915.png 9 7 3 0
J27S_1530629942.png 9 13 25 28
J2PH_1530629955.png 9 13 17 8
J3UZ_1530629897.png 9 1 16 27
J4L4_1530629912.png 9 19 10 19
J4PP_1530629928.png 9 19 17 17
J62T_1530629931.png 9 23 13 6
J692_1530629910.png 9 23 31 13
J6D5_1530629909.png 9 23 5 22
J6GF_1530629912.png 9 23 15 29
J6XV_1530629934.png 9 23 2 11
J77Y_1530629897.png 9 25 25 20
J7M3_1530629897.png 9 25 12 1
J7P0_1530629928.png 9 25 17 0
J88P_1530629938.png 9 3 3 17
J9HF_1530629906.png 9 31 8 29
JA24_1530629912.png 9 21 13 19
JAAQ_1530629967.png 9 21 21 32
JAF3_1530629915.png 9 21 29 1
JAST_1530629931.png 9 21 28 6
JASX_1530629912.png 9 21 28 2
JBH4_1530629901.png 9 14 8 19
JEME_1530629956.png 9 26 12 26
JEQ6_1530629947.png 9 26 32 23
JF54_1530629932.png 9 29 22 19
JF5Y_1530629964.png 9 29 22 20
JFSI_1530629906.png 9 29 28 4
JG0X_1530629909.png 9 15 0 2
JGNF_1530629993.png 9 15 35 29
JHFL_1530629944.png 9 8 29 10
JHWV_1530629935.png 9 8 24 11
JIPU_1530629954.png 9 4 17 16
JJEZ_1530629964.png 9 9 26 27
JK02_1530629909.png 9 33 0 13
JKC8_1530629950.png 9 33 18 3
JKCA_1530629918.png 9 33 18 21
JLCF_1530629902.png 9 10 18 29
JLMP_1530629925.png 9 10 12 17
JMTQ_1530629920.png 9 12 6 32
JN8N_1530629911.png 9 35 3 35
JNCC_1530629982.png 9 35 18 18
JNLY_1530629903.png 9 35 10 20
JOET_1530629922.png 9 30 26 6
JOSA_1530629943.png 9 30 28 21
JP6C_1530629902.png 9 17 23 18
JQ79_1530629916.png 9 32 25 31
JQQH_1530629984.png 9 32 32 8
JQWX_1530629922.png 9 32 24 2
JQXF_1530629927.png 9 32 2 29
JR86_1530629928.png 9 34 3 23
JR96_1530629896.png 9 34 31 23
JRL9_1530629930.png 9 34 10 31
JSMP_1530629933.png 9 28 12 17
JSO9_1530629927.png 9 28 30 31
JSV6_1530629907.png 9 28 11 23
JT5T_1530629907.png 9 6 22 6
JU9J_1530629993.png 9 16 31 9
JU9Q_1530629995.png 9 16 31 32
JUCH_1530629905.png 9 16 18 8
JVH7_1530629920.png 9 11 8 25
JVSJ_1530629917.png 9 11 28 9
JWFF_1530629899.png 9 24 29 29
JWIQ_1530629900.png 9 24 4 32
JX6Z_1530629918.png 9 2 23 27
JYBH_1530629922.png 9 20 14 8
JYL2_1530629910.png 9 20 10 13
JYOQ_1530629933.png 9 20 30 32
JZ45_1530629926.png 9 27 19 22
JZ8N_1530629937.png 9 27 3 35
JZRD_1530629908.png 9 27 34 5
JZYT_1530629936.png 9 27 20 6
K02U_1530629918.png 33 0 13 16
K0GP_1530629932.png 33 0 15 17
K0PS_1530629904.png 33 0 17 28
K0UP_1530629993.png 33 0 16 17
K0V1_1530629910.png 33 0 11 7
K10H_1530629920.png 33 7 0 8
K1E7_1530629930.png 33 7 26 25
K1ER_1530629962.png 33 7 26 34
K20P_1530629948.png 33 13 0 17
K279_1530629897.png 33 13 25 31
K2H5_1530629929.png 33 13 8 22
K2HQ_1530629914.png 33 13 8 32
K2JJ_1530629915.png 33 13 9 9
K2SE_1530629960.png 33 13 28 26
K305_1530629907.png 33 1 0 22
K3F4_1530629913.png 33 1 29 19
K3UH_1530629936.png 33 1 16 8
K46N_1530629905.png 33 19 23 35
K4CW_1530629933.png 33 19 18 24
K4GF_1530629921.png 33 19 15 29
K4KZ_1530629933.png 33 19 33 27
K5PT_1530629937.png 33 22 17 6
K62B_1530629964.png 33 23 13 14
K64E_1530629930.png 33 23 19 26
K67P_1530629911.png 33 23 25 17
K6GS_1530629932.png 33 23 15 28
K6H1_1530629915.png 33 23 8 7
K6SH_1530629900.png 33 23 28 8
K6VO_1530629965.png 33 23 11 30
K79R_1530629949.png 33 25 31 34
K7EC_1530629977.png 33 25 26 18
K7S7_1530629935.png 33 25 28 25
K86A_1530629937.png 33 3 23 21
K9JD_1530629922.png 33 31 9 5
K9XG_1530629987.png 33 31 2 15
KADK_1530629910.png 33 21 5 33
KAGK_1530629936.png 33 21 15 33
KAIK_1530629907.png 33 21 4 33
KCAN_1530629923.png 33 18 21 35
KCI8_1530629920.png 33 18 4 3
KCNX_1530629994.png 33 18 35 2
KCQS_1530629907.png 33 18 32 28
KDD5_1530629900.png 33 5 5 22
KDGU_1530629984.png 33 5 15 16
KDQW_1530629932.png 33 5 32 24
KEM0_1530629900.png 33 26 12 0
KEMF_1530629916.png 33 26 12 29
KF8B_1530629933.png 33 29 3 14
KG6W_1530629983.png 33 15 23 24
KGL4_1530629904.png 33 15 10 19
KGR1_1530629982.png 33 15 34 7
KHVV_1530629916.png 33 8 11 11
KI2D_1530629906.png 33 4 13 5
KI9R_1530629939.png 33 4 31 34
KILC_1530629904.png 33 4 10 18
KIY6_1530629910.png 33 4 20 23
KJ3D_1530629938.png 33 9 1 5
KJ7K_1530629945.png 33 9 25 33
KJMO_1530629942.png 33 9 12 30
KK25_1530629899.png 33 33 13 22
KKDT_1530629945.png 33 33 5 6
KKED_1530629925.png 33 33 26 5
KKGQ_1530629928.png 33 33 15 32
KLAV_1530629922.png 33 10 21 11
KLBS_1530629919.png 33 10 14 28
KM5J_1530629923.png 33 12 22 9
KM7S_1530629964.png 33 12 25 28
KMKZ_1530629944.png 33 12 33 27
KOC4_1530629899.png 33 30 18 19
KOT8_1530629899.png 33 30 6 3
KOY4_1530629900.png 33 30 20 19
KP2J_1530629953.png 33 17 13 9
KP8D_1530629905.png 33 17 3 5
KPCV_1530629904.png 33 17 18 11
KPK7_1530629980.png 33 17 33 25
KPZ0_1530629942.png 33 17 27 0
KQ4J_1530629897.png 33 32 19 9
KQDW_1530629963.png 33 32 5 24
KQHK_1530629898.png 33 32 8 33
KR53_1530629902.png 33 34 22 1
KRA6_1530629975.png 33 34 21 23
KSHV_1530629938.png 33 28 8 11
KSM9_1530629938.png 33 28 12 31
KVUA_1530629936.png 33 11 16 21
KW1T_1530629932.png 33 24 7 6
KWVZ_1530629927.png 33 24 11 27
KWXA_1530629933.png 33 24 2 21
KX6J_1530629929.png 33 2 23 9
KX9V_1530629925.png 33 2 31 11
KZ1N_1530629955.png 33 27 7 35
KZ3P_1530629925.png 33 27 1 17
KZE1_1530629926.png 33 27 26 7
L026_1530629905.png 10 0 13 23
L0G5_1530629960.png 10 0 15 22
L17O_1530629941.png 10 7 25 30
L1EO_1530629948.png 10 7 26 30
L1X9_1530629936.png 10 7 2 31
L209_1530629928.png 10 13 0 31
L23F_1530629902.png 10 13 1 29
L2DX_1530629913.png 10 13 5 2
L36I_1530629906.png 10 1 23 4
L3TI_1530629966.png 10 1 6 4
L3W6_1530629920.png 10 1 24 23
L48I_1530629981.png 10 19 3 4
L4KX_1530629925.png 10 19 33 2
L58Q_1530629897.png 10 22 3 32
L5GV_1530629982.png 10 22 15 11
L632_1530629971.png 10 23 1 13
L64C_1530629973.png 10 23 19 18
L65X_1530629943.png 10 23 22 2
L6ZH_1530629936.png 10 23 27 8
L73G_1530629992.png 10 25 1 15
L77J_1530629973.png 10 25 25 9
L7BK_1530629914.png 10 25 14 33
L7IY_1530629944.png 10 25 4 20
L7N6_1530629939.png 10 25 35 23
L7W0_1530629931.png 10 25 24 0
L7ZU_1530629979.png 10 25 27 16
L82Y_1530629951.png 10 3 13 20
L8JN_1530629919.png 10 3 9 35
L8K7_1530629986.png 10 3 33 25
L9XQ_1530629900.png 10 31 2 32
LBMB_1530629928.png 10 14 12 14
LBW7_1530629938.png 10 14 24 25
LBZR_1530629976.png 10 14 27 34
LC1O_1530629929.png 10 18 7 30
LC6B_1530629912.png 10 18 23 14
LCJC_1530629934.png 10 18 9 18
LD81_1530629929.png 10 5 3 7
LDPV_1530629994.png 10 5 17 11
LDRA_1530629935.png 10 5 34 21
LE8Y_1530629915.png 10 26 3 20
LEOW_1530629971.png 10 26 30 24
LFA4_1530629980.png 10 29 21 19
LFK6_1530629909.png 10 29 33 23
LG18_1530629939.png 10 15 7 3
LG76_1530629984.png 10 15 25 23
LGHC_1530629941.png 10 15 8 18
LHFM_1530629986.png 10 8 29 12
LHME_1530629954.png 10 8 12 26
LHTC_1530629973.png 10 8 6 18
LI0R_1530629927.png 10 4 0 34
LIAF_1530629942.png 10 4 21 29
LIJW_1530629899.png 10 4 9 24
LIVD_1530629901.png 10 4 11 5
LIXJ_1530629995.png 10 4 2 9
LJFJ_1530629918.png 10 9 29 9
LJQI_1530629965.png 10 9 32 4
LJZV_1530629922.png 10 9 27 11
LKML_1530629935.png 10 33 12 10
LKW7_1530629941.png 10 33 24 25
LLLI_1530629915.png 10 10 10 4
LM1J_1530629950.png 10 12 7 9
LME7_1530629937.png 10 12 26 25
LMO9_1530629935.png 10 12 30 31
LN2P_1530629935.png 10 35 13 17
LNKT_1530629912.png 10 35 33 6
LNQW_1530629901.png 10 35 32 24
LO4W_1530629918.png 10 30 19 24
LOVZ_1530629943.png 10 30 11 27
LQ9W_1530629952.png 10 32 31 24
LQLE_1530629986.png 10 32 10 26
LR2L_1530629932.png 10 34 13 10
LR9E_1530629928.png 10 34 31 26
LRRY_1530629942.png 10 34 34 20
LRY6_1530629985.png 10 34 20 23
LS49_1530629994.png 10 28 19 31
LSCY_1530629915.png 10 28 18 20
LSP1_1530629962.png 10 28 17 7
LSW6_1530629986.png 10 28 24 23
LTOK_1530629965.png 10 6 30 33
LU5Y_1530629987.png 10 16 22 20
LULT_1530629913.png 10 16 10 6
LUQH_1530629906.png 10 16 32 8
LUTP_1530629937.png 10 16 6 17
LVDF_1530629899.png 10 11 5 29
LVN0_1530629960.png 10 11 35 0
LW71_1530629946.png 10 24 25 7
LWJM_1530629911.png 10 24 9 12
LWPV_1530629897.png 10 24 17 11
LWPV_1530629930.png 10 24 17 11
LXFH_1530629938.png 10 2 29 8
LXVC_1530629918.png 10 2 11 18
LY22_1530629937.png 10 20 13 13
LYBK_1530629962.png 10 20 14 33
LYTW_1530629938.png 10 20 6 24
LZGV_1530629925.png 10 27 15 11
LZII_1530629974.png 10 27 4 4
M0QW_1530629914.png 12 0 32 24
M0WE_1530629903.png 12 0 24 26
M0ZC_1530629936.png 12 0 27 18
M1BN_1530629911.png 12 7 14 35
M1LR_1530629901.png 12 7 10 34
M23X_1530629913.png 12 13 1 2
M28V_1530629908.png 12 13 3 11
M2KB_1530629909.png 12 13 33 14
M2M2_1530629899.png 12 13 12 13
M2X4_1530629915.png 12 13 2 19
M4F7_1530629943.png 12 19 29 25
M5BM_1530629977.png 12 22 14 12
M5QA_1530629945.png 12 22 32 21
M63F_1530629910.png 12 23 1 29
M678_1530629897.png 12 23 25 3
M7RR_1530629987.png 12 25 34 34
M7W0_1530629924.png 12 25 24 0
M7Y4_1530629942.png 12 25 20 19
M88B_1530629928.png 12 3 3 14
M8H7_1530629922.png 12 3 8 25
M8RN_1530629945.png 12 3 34 35
M9DP_1530629915.png 12 31 5 17
M9HS_1530629896.png 12 31 8 28
MAHT_1530629936.png 12 21 8 6
MAPK_1530629944.png 12 21 17 33
MB0M_1530629903.png 12 14 0 12
MB8T_1530629909.png 12 14 3 6
MBC6_1530629932.png 12 14 18 23
MBQ4_1530629917.png 12 14 32 19
MCDI_1530629919.png 12 18 5 4
MCXU_1530629902.png 12 18 2 16
MDMK_1530629975.png 12 5 12 33
MDXJ_1530629972.png 12 5 2 9
MEJ9_1530629911.png 12 26 9 31
MESS_1530629907.png 12 26 28 28
MF53_1530629944.png 12 29 22 1
MFC0_1530629945.png 12 29 18 0
MFWC_1530629919.png 12 29 24 18
MGBO_1530629974.png 12 15 14 30
MGEB_1530629955.png 12 15 26 14
MGLJ_1530629942.png 12 15 10 9
MGMZ_1530629984.png 12 15 12 27
MGPU_1530629938.png 12 15 17 16
MGSC_1530629923.png 12 15 28 18
MGXG_1530629957.png 12 15 2 15
MGXW_1530629938.png 12 15 2 24
MH6V_1530629934.png 12 8 23 11
MH8B_1530629933.png 12 8 3 14
MI77_1530629915.png 12 4 25 25
MIFC_1530629936.png 12 4 29 18
MIN0_1530629987.png 12 4 35 0
MIX9_1530629955.png 12 4 2 31
MJ74_1530629918.png 12 9 25 19
MJMM_1530629920.png 12 9 12 12
MKOP_1530629942.png 12 33 30 17
MKRO_1530629910.png 12 33 34 30
MKVW_1530629935.png 12 33 11 24
ML9K_1530629938.png 12 10 31 33
MLN4_1530629900.png 12 10 35 19
MMC2_1530629899.png 12 12 18 13
MN08_1530629911.png 12 35 0 3
MNRD_1530629906.png 12 35 34 5
MOJT_1530629933.png 12 30 9 6
MPEL_1530629945.png 12 17 26 10
MPGV_1530629924.png 12 17 15 11
MQ47_1530629933.png 12 32 19 25
MQMT_1530629950.png 12 32 12 6
MQON_1530629905.png 12 32 30 35
MRLX_1530629935.png 12 34 10 2
MSLR_1530629915.png 12 28 10 34
MSVS_1530629919.png 12 28 11 28
MTU6_1530629973.png 12 6 16 23
MUAD_1530629976.png 12 16 21 5
MUAY_1530629966.png 12 16 21 20
MUHG_1530629898.png 12 16 8 15
MUN4_1530629943.png 12 16 35 19
MV3Z_1530629919.png 12 11 1 27
MVNC_1530629917.png 12 11 35 18
MWKF_1530629942.png 12 24 33 29
MWVZ_1530629941.png 12 24 11 27
MXNJ_1530629910.png 12 2 35 9
MYS0_1530629915.png 12 20 28 0
MZHZ_1530629946.png 12 27 8 27
N1PI_1530629932.png 35 7 17 4
N1SS_1530629946.png 35 7 28 28
N1VO_1530629898.png 35 7 11 30
N2A5_1530629936.png 35 13 21 22
N2GG_1530629941.png 35 13 15 15
N486_1530629931.png 35 19 3 23
N495_1530629920.png 35 19 31 22
N49J_1530629976.png 35 19 31 9
N4I1_1530629901.png 35 19 4 7
N4M9_1530629913.png 35 19 12 31
N5QW_1530629931.png 35 22 32 24
N6BZ_1530629902.png 35 23 14 27
N6UB_1530629920.png 35 23 16 14
N7AE_1530629926.png 35 25 21 26
N7VQ_1530629897.png 35 25 11 32
N8NJ_1530629903.png 35 3 35 9
N8OK_1530629909.png 35 3 30 33
NB9H_1530629977.png 35 14 31 8
NBFB_1530629944.png 35 14 29 14
NBIM_1530629919.png 35 14 4 12
NCKH_1530629992.png 35 18 33 8
ND24_1530629960.png 35 5 13 19
NDGM_1530629900.png 35 5 15 12
NDRQ_1530629909.png 35 5 34 32
NDWH_1530629903.png 35 5 24 8
NEEX_1530629911.png 35 26 26 2
NFX7_1530629910.png 35 29 2 25
NG1W_1530629900.png 35 15 7 24
NGMX_1530629902.png 35 15 12 2
NGQX_1530629929.png 35 15 32 2
NGXM_1530629932.png 35 15 2 12
NH8N_1530629901.png 35 8 3 35
NHEL_1530629978.png 35 8 26 10
NHPG_1530629907.png 35 8 17 15
NI4D_1530629967.png 35 4 19 5
NIDH_1530629909.png 35 4 5 8
NILN_1530629911.png 35 4 10 35
NIYD_1530629981.png 35 4 20 5
NJ21_1530629913.png 35 9 13 7
NJ3J_1530629935.png 35 9 1 9
NJ7W_1530629908.png 35 9 25 24
NJRE_1530629965.png 35 9 34 26
NJSP_1530629897.png 35 9 28 17
NK74_1530629918.png 35 33 25 19
NL2O_1530629923.png 35 10 13 30
NLUO_1530629921.png 35 10 16 30
NNC5_1530629956.png 35 35 18 22
NNGR_1530629910.png 35 35 15 34
NOHM_1530629947.png 35 30 8 12
NORU_1530629919.png 35 30 34 16
NOST_1530629984.png 35 30 28 6
NOSY_1530629917.png 35 30 28 20
NPBC_1530629912.png 35 17 14 18
NPM9_1530629904.png 35 17 12 31
NPMN_1530629934.png 35 17 12 35
NQFZ_1530629981.png 35 32 29 27
NQMP_1530629935.png 35 32 12 17
NQNB_1530629919.png 35 32 35 14
NQWM_1530629958.png 35 32 24 12
NQYR_1530629949.png 35 32 20 34
NR48_1530629911.png 35 34 19 3
NRE7_1530629905.png 35 34 26 25
NRUA_1530629917.png 35 34 16 21
NRYN_1530629913.png 35 34 20 35
NS1C_1530629910.png 35 28 7 18
NS1T_1530629939.png 35 28 7 6
NS3S_1530629924.png 35 28 1 28
NS7C_1530629982.png 35 28 25 18
NUG2_1530629906.png 35 16 15 13
NUJJ_1530629916.png 35 16 9 9
NV1C_1530629933.png 35 11 7 18
NVB1_1530629902.png 35 11 14 7
NVGW_1530629907.png 35 11 15 24
NW8F_1530629941.png 35 24 3 29
NWDI_1530629909.png 35 24 5 4
NXK0_1530629902.png 35 2 33 0
NXSY_1530629938.png 35 2 28 20
NYRK_1530629932.png 35 20 34 33
NYYB_1530629917.png 35 20 20 14
NZ4T_1530629899.png 35 27 19 6
NZI9_1530629909.png 35 27 4 31
NZMN_1530629900.png 35 27 12 35
O03T_1530629904.png 30 0 1 6
O0CJ_1530629941.png 30 0 18 9
O0SP_1530629946.png 30 0 28 17
O0WH_1530629933.png 30 0 24 8
O137_1530629937.png 30 7 1 25
O185_1530629933.png 30 7 3 22
O19C_1530629973.png 30 7 31 18
O1DH_1530629987.png 30 7 5 8
O1RF_1530629949.png 30 7 34 29
O1VW_1530629954.png 30 7 11 24
O2JD_1530629970.png 30 13 9 5
O2R8_1530629930.png 30 13 34 3
O300_1530629907.png 30 1 0 0
O3HD_1530629923.png 30 1 8 5
O3K5_1530629902.png 30 1 33 22
O3UG_1530629914.png 30 1 16 15
O4KX_1530629952.png 30 19 33 2
O5E0_1530629914.png 30 22 26 0
O5V7_1530629956.png 30 22 11 25
O6BO_1530629911.png 30 23 14 30
O6PQ_1530629920.png 30 23 17 32
O6Q6_1530629917.png 30 23 32 23
O73K_1530629927.png 30 25 1 33
O8DE_1530629914.png 30 3 5 26
O8M7_1530629898.png 30 3 12 25
O9G9_1530629909.png 30 31 15 31
O9HW_1530629937.png 30 31 8 24
O9XN_1530629935.png 30 31 2 35
OA62_1530629937.png 30 21 23 13
OA6R_1530629959.png 30 21 23 34
OAE8_1530629924.png 30 21 26 3
OARO_1530629950.png 30 21 34 30
OB2A_1530629957.png 30 14 13 21
OB7U_1530629945.png 30 14 25 16
OBSA_1530629935.png 30 14 28 21
OC0R_1530629942.png 30 18 0 34
OCDT_1530629962.png 30 18 5 6
OCJG_1530629913.png 30 18 9 15
ODH3_1530629899.png 30 5 8 1
ODSW_1530629937.png 30 5 28 24
OE22_1530629950.png 30 26 13 13
OEG1_1530629929.png 30 26 15 7
OEGD_1530629931.png 30 26 15 5
OEI6_1530629918.png 30 26 4 23
OES9_1530629980.png 30 26 28 31
OF84_1530629941.png 30 29 3 19
OFBD_1530629947.png 30 29 14 5
OGCH_1530629939.png 30 15 18 8
OHC0_1530629919.png 30 8 18 0
OHLT_1530629929.png 30 8 10 6
OHSG_1530629914.png 30 8 28 15
OIFK_1530629911.png 30 4 29 33
OIUZ_1530629922.png 30 4 16 27
OJ39_1530629901.png 30 9 1 31
OJJE_1530629929.png 30 9 9 26
OJNE_1530629931.png 30 9 35 26
OK5V_1530629923.png 30 33 22 11
OKKB_1530629908.png 30 33 33 14
OLEU_1530629900.png 30 10 26 16
OLV3_1530629932.png 30 10 11 1
OMDH_1530629981.png 30 12 5 8
OMRA_1530629905.png 30 12 34 21
OMW1_1530629969.png 30 12 24 7
OMWN_1530629936.png 30 12 24 35
ONIJ_1530629971.png 30 35 4 9
OO4Z_1530629914.png 30 30 19 27
OOSE_1530629974.png 30 30 28 26
OP59_1530629901.png 30 17 22 31
OPJD_1530629900.png 30 17 9 5
OPPI_1530629915.png 30 17 17 4
OPYY_1530629923.png 30 17 20 20
OQI3_1530629907.png 30 32 4 1
OQKE_1530629908.png 30 32 33 26
ORC6_1530629939.png 30 34 18 23
ORG1_1530629942.png 30 34 15 7
ORJH_1530629941.png 30 34 9 8
ORQP_1530629913.png 30 34 32 17
OSK1_1530629972.png 30 28 33 7
OSOK_1530629980.png 30 28 30 33
OSQ4_1530629898.png 30 28 32 19
OTET_1530629920.png 30 6 26 6
OUBP_1530629975.png 30 16 14 17
OUJ8_1530629979.png 30 16 9 3
OUVH_1530629942.png 30 16 11 8
OVDG_1530629929.png 30 11 5 15
OVFV_1530629935.png 30 11 29 11
OVHM_1530629941.png 30 11 8 12
OW68_1530629909.png 30 24 23 3
OWAK_1530629977.png 30 24 21 33
OWUA_1530629904.png 30 24 16 21
OXH0_1530629903.png 30 2 8 0
OXSH_1530629899.png 30 2 28 8
OY5N_1530629934.png 30 20 22 35
OYGX_1530629939.png 30 20 15 2
OYLK_1530629950.png 30 20 10 33
P0DK_1530629920.png 17 0 5 33
P0NT_1530629917.png 17 0 35 6
P0VK_1530629899.png 17 0 11 33
P11U_1530629903.png 17 7 7 16
P1FC_1530629961.png 17 7 29 18
P1U4_1530629929.png 17 7 16 19
P2O4_1530629901.png 17 13 30 19
P2WT_1530629962.png 17 13 24 6
P3C9_1530629965.png 17 1 18 31
P3YN_1530629947.png 17 1 20 35
P4UQ_1530629947.png 17 19 16 32
P5IU_1530629899.png 17 22 4 16
P5QH_1530629975.png 17 22 32 8
P70P_1530629925.png 17 25 0 17
P745_1530629932.png 17 25 19 22
P760_1530629939.png 17 25 23 0
P7DY_1530629907.png 17 25 5 20
P80Z_1530629905.png 17 3 0 27
P85C_1530629918.png 17 3 22 18
P8CZ_1530629941.png 17 3 18 27
P9O5_1530629912.png 17 31 30 22
PAJH_1530629941.png 17 21 9 8
PAJN_1530629926.png 17 21 9 35
PBNF_1530629902.png 17 14 35 29
PBP9_1530629917.png 17 14 17 31
PBZE_1530629993.png 17 14 27 26
PCGB_1530629922.png 17 18 15 14
PCWG_1530629907.png 17 18 24 15
PD1R_1530629934.png 17 5 7 34
PF7K_1530629943.png 17 29 25 33
PFEA_1530629961.png 17 29 26 21
PFF6_1530629931.png 17 29 29 23
PG0K_1530629937.png 17 15 0 33
PGP1_1530629920.png 17 15 17 7
PH0J_1530629909.png 17 8 0 9
PHMN_1530629915.png 17 8 12 35
PIWC_1530629944.png 17 4 24 18
PJAF_1530629942.png 17 9 21 29
PJG0_1530629943.png 17 9 15 0
PK24_1530629944.png 17 33 13 19
PKLR_1530629945.png 17 33 10 34
PLIH_1530629982.png 17 10 4 8
PLNG_1530629920.png 17 10 35 15
PMEF_1530629901.png 17 12 26 29
PMZA_1530629977.png 17 12 27 21
PO7E_1530629914.png 17 30 25 26
PPJA_1530629916.png 17 17 9 21
PPXZ_1530629908.png 17 17 2 27
PQT1_1530629909.png 17 32 6 7
PQY4_1530629902.png 17 32 20 19
PRGZ_1530629913.png 17 34 15 27
PSOR_1530629987.png 17 28 30 34
PSRZ_1530629919.png 17 28 34 27
PTDO_1530629960.png 17 6 5 30
PTV4_1530629971.png 17 6 11 19
PU04_1530629973.png 17 16 0 19
PU4W_1530629981.png 17 16 19 24
PUGR_1530629923.png 17 16 15 34
PUIZ_1530629904.png 17 16 4 27
PUP4_1530629906.png 17 16 17 19
PUTN_1530629931.png 17 16 6 35
PUXZ_1530629960.png 17 16 2 27
PW9P_1530629969.png 17 24 31 17
PWG3_1530629930.png 17 24 15 1
PWJA_1530629962.png 17 24 9 21
PWMK_1530629915.png 17 24 12 33
PXB1_1530629909.png 17 2 14 7
PXGF_1530629934.png 17 2 15 29
PY51_1530629901.png 17 20 22 7
PY9S_1530629903.png 17 20 31 28
PZ3C_1530629994.png 17 27 1 18
Q01K_1530629901.png 32 0 7 33
Q0ZR_1530629900.png 32 0 27 34
Q1WX_1530629916.png 32 7 24 2
Q326_1530629905.png 32 1 13 23
Q33B_1530629968.png 32 1 1 14
Q45P_1530629994.png 32 19 22 17
Q46G_1530629904.png 32 19 23 15
Q4AI_1530629912.png 32 19 21 4
Q4T6_1530629923.png 32 19 6 23
Q5G7_1530629922.png 32 22 15 25
Q5I0_1530629946.png 32 22 4 0
Q6AV_1530629923.png 32 23 21 11
Q89L_1530629909.png 32 3 31 10
Q8X8_1530629986.png 32 3 2 3
Q9AO_1530629914.png 32 31 21 30
Q9BA_1530629907.png 32 31 14 21
Q9YH_1530629928.png 32 31 20 8
Q9ZW_1530629925.png 32 31 27 24
QA1V_1530629924.png 32 21 7 11
QACS_1530629938.png 32 21 18 28
QBC6_1530629908.png 32 14 18 23
QBQG_1530629939.png 32 14 32 15
QDM8_1530629932.png 32 5 12 3
QE4Q_1530629937.png 32 26 19 32
QF3V_1530629924.png 32 29 1 11
QF4D_1530629932.png 32 29 19 5
QFAK_1530629970.png 32 29 21 33
QFVY_1530629903.png 32 29 11 20
QG69_1530629970.png 32 15 23 31
QGG1_1530629951.png 32 15 15 7
QH7X_1530629908.png 32 8 25 2
QHTA_1530629983.png 32 8 6 21
QHUA_1530629914.png 32 8 16 21
QI43_1530629913.png 32 4 19 1
QIGO_1530629974.png 32 4 15 30
QIQR_1530629904.png 32 4 32 34
QJ8E_1530629898.png 32 9 3 26
QJF9_1530629907.png 32 9 29 31
QJMF_1530629901.png 32 9 12 29
QK7R_1530629964.png 32 33 25 34
QK8Z_1530629948.png 32 33 3 27
QL7D_1530629935.png 32 10 25 5
QLEW_1530629976.png 32 10 26 24
QLFN_1530629970.png 32 10 29 35
QLI1_1530629901.png 32 10 4 7
QNOI_1530629936.png 32 35 30 4
QNQK_1530629927.png 32 35 32 33
QOAQ_1530629943.png 32 30 21 32
QOJ5_1530629903.png 32 30 9 22
QOZE_1530629914.png 32 30 27 26
QP7P_1530629916.png 32 17 25 17
QQ2R_1530629918.png 32 32 13 34
QQ5I_1530629904.png 32 32 22 4
QQIU_1530629901.png 32 32 4 16
QQUZ_1530629975.png 32 32 16 27
QQXN_1530629914.png 32 32 2 35
QR6K_1530629912.png 32 34 23 33
QRID_1530629924.png 32 34 4 5
QTCZ_1530629931.png 32 6 18 27
QU6K_1530629909.png 32 16 23 33
QUP9_1530629900.png 32 16 17 31
QURY_1530629918.png 32 16 34 20
QUV5_1530629931.png 32 16 11 22
QVOD_1530629950.png 32 11 30 5
QVQ6_1530629948.png 32 11 32 23
QWEV_1530629910.png 32 24 26 11
QWOE_1530629918.png 32 24 30 26
QX44_1530629976.png 32 2 19 19
QXY2_1530629914.png 32 2 20 13
QXYY_1530629914.png 32 2 20 20
QY38_1530629916.png 32 20 1 3
QYJ0_1530629917.png 32 20 9 0
QZGL_1530629929.png 32 27 15 10
QZHW_1530629938.png 32 27 8 24
R02Y_1530629940.png 34 0 13 20
R07G_1530629924.png 34 0 25 15
R0EZ_1530629944.png 34 0 26 27
R0KG_1530629904.png 34 0 33 15
R0VM_1530629935.png 34 0 11 12
R1GT_1530629938.png 34 7 15 6
R2E7_1530629905.png 34 13 26 25
R2W9_1530629912.png 34 13 24 31
R3I6_1530629943.png 34 1 4 23
R48W_1530629916.png 34 19 3 24
R5GV_1530629939.png 34 22 15 11
R5O9_1530629924.png 34 22 30 31
R5WK_1530629900.png 34 22 24 33
R63Y_1530629973.png 34 23 1 20
R6CH_1530629934.png 34 23 18 8
R6QS_1530629914.png 34 23 32 28
R70K_1530629961.png 34 25 0 33
R79M_1530629932.png 34 25 31 12
R7AU_1530629919.png 34 25 21 16
R85N_1530629943.png 34 3 22 35
R8HE_1530629907.png 34 3 8 26
R9KR_1530629962.png 34 31 33 34
R9XC_1530629908.png 34 31 2 18
RA3U_1530629984.png 34 21 1 16
RA97_1530629922.png 34 21 31 25
RAMY_1530629933.png 34 21 12 20
RBCZ_1530629950.png 34 14 18 27
RBYM_1530629914.png 34 14 20 12
RBYZ_1530629931.png 34 14 20 27
RC6T_1530629985.png 34 18 23 6
RE08_1530629917.png 34 26 0 3
RE7D_1530629930.png 34 26 25 5
RERN_1530629954.png 34 26 34 35
RFJF_1530629920.png 34 29 9 29
RFVU_1530629921.png 34 29 11 16
RFWS_1530629922.png 34 29 24 28
RG97_1530629937.png 34 15 31 25
RGN3_1530629935.png 34 15 35 1
RGS4_1530629992.png 34 15 28 19
RGVL_1530629953.png 34 15 11 10
RGVP_1530629901.png 34 15 11 17
RHBN_1530629906.png 34 8 14 35
RHLG_1530629927.png 34 8 10 15
RHLN_1530629984.png 34 8 10 35
RHN4_1530629905.png 34 8 35 19
RHT7_1530629911.png 34 8 6 25
RHW4_1530629909.png 34 8 24 19
RI5W_1530629934.png 34 4 22 24
RI7B_1530629929.png 34 4 25 14
RIDP_1530629978.png 34 4 5 17
RJBC_1530629910.png 34 9 14 18
RJDH_1530629924.png 34 9 5 8
RJHB_1530629922.png 34 9 8 14
RJHI_1530629953.png 34 9 8 4
RKEX_1530629922.png 34 33 26 2
RKQZ_1530629899.png 34 33 32 27
RLH5_1530629915.png 34 10 8 22
RMU6_1530629909.png 34 12 16 23
RN4J_1530629932.png 34 35 19 9
RN7E_1530629937.png 34 35 25 26
RNQ0_1530629897.png 34 35 32 0
RO6N_1530629941.png 34 30 23 35
RO7Z_1530629907.png 34 30 25 27
ROJE_1530629920.png 34 30 9 26
ROJJ_1530629939.png 34 30 9 9
ROPM_1530629899.png 34 30 17 12
ROU6_1530629902.png 34 30 16 23
RPK5_1530629916.png 34 17 33 22
RPZQ_1530629993.png 34 17 27 32
RQPY_1530629983.png 34 32 17 20
RQV1_1530629923.png 34 32 11 7
RR3M_1530629898.png 34 34 1 12
RS5L_1530629915.png 34 28 22 10
RS74_1530629942.png 34 28 25 19
RS78_1530629983.png 34 28 25 3
RSHR_1530629944.png 34 28 8 34
RSKG_1530629935.png 34 28 33 15
RSNW_1530629898.png 34 28 35 24
RSY4_1530629908.png 34 28 20 19
RTCN_1530629896.png 34 6 18 35
RUBV_1530629976.png 34 16 14 11
RUK0_1530629917.png 34 16 33 0
RUN1_1530629925.png 34 16 35 7
RV37_1530629992.png 34 11 1 25
RVF3_1530629941.png 34 11 29 1
RVN0_1530629919.png 34 11 35 0
RX8B_1530629904.png 34 2 3 14
RX8N_1530629899.png 34 2 3 35
RXBN_1530629914.png 34 2 14 35
RXD7_1530629949.png 34 2 5 25
RXY4_1530629914.png 34 2 20 19
RY11_1530629923.png 34 20 7 7
RYDZ_1530629973.png 34 20 5 27
RYUH_1530629907.png 34 20 16 8
RZMF_1530629911.png 34 27 12 29
S0L8_1530629941.png 28 0 10 3
S12T_1530629915.png 28 7 13 6
S1MU_1530629900.png 28 7 12 16
S20R_1530629907.png 28 13 0 34
S220_1530629931.png 28 13 13 0
S2H3_1530629915.png 28 13 8 1
S2J6_1530629912.png 28 13 9 23
S2MK_1530629899.png 28 13 12 33
S41V_1530629931.png 28 19 7 11
S4Y0_1530629973.png 28 19 20 0
S5IG_1530629919.png 28 22 4 15
S5M7_1530629940.png 28 22 12 25
S5MO_1530629947.png 28 22 12 30
S5OI_1530629928.png 28 22 30 4
S63Q_1530629981.png 28 23 1 32
S6SO_1530629898.png 28 23 28 30
S7EP_1530629899.png 28 25 26 17
S89Y_1530629921.png 28 3 31 20
S8P3_1530629927.png 28 3 17 1
S8TD_1530629932.png 28 3 6 5
S8TU_1530629937.png 28 3 6 16
S8U2_1530629977.png 28 3 16 13
S90V_1530629901.png 28 31 0 11
S94G_1530629925.png 28 31 19 15
S9NK_1530629975.png 28 31 35 33
SA5W_1530629920.png 28 21 22 24
SAGT_1530629900.png 28 21 15 6
SB7J_1530629901.png 28 14 25 9
SBQ0_1530629993.png 28 14 32 0
SC79_1530629901.png 28 18 25 31
SCIX_1530629982.png 28 18 4 2
SDBL_1530629936.png 28 5 14 10
SDJF_1530629929.png 28 5 9 29
SDTL_1530629913.png 28 5 6 10
SDYW_1530629941.png 28 5 20 24
SEFB_1530629902.png 28 26 29 14
SFMA_1530629926.png 28 29 12 21
SFPC_1530629910.png 28 29 17 18
SG13_1530629931.png 28 15 7 1
SG7P_1530629945.png 28 15 25 17
SGFO_1530629974.png 28 15 29 30
SGK5_1530629896.png 28 15 33 22
SI2P_1530629941.png 28 4 13 17
SI8Z_1530629976.png 28 4 3 27
SJ6Z_1530629986.png 28 9 23 27
SJM9_1530629905.png 28 9 12 31
SJY1_1530629941.png 28 9 20 7
SJZ0_1530629927.png 28 9 27 0
SKQC_1530629948.png 28 33 32 18
SL1D_1530629931.png 28 10 7 5
SL7B_1530629983.png 28 10 25 14
SLD3_1530629898.png 28 10 5 1
SLDP_1530629908.png 28 10 5 17
SLI6_1530629912.png 28 10 4 23
SLO0_1530629917.png 28 10 30 0
SLO5_1530629920.png 28 10 30 22
SLW8_1530629941.png 28 10 24 3
SLZA_1530629925.png 28 10 27 21
SM34_1530629917.png 28 12 1 19
SML4_1530629937.png 28 12 10 19
SNHU_1530629950.png 28 35 8 16
SNNG_1530629942.png 28 35 35 15
SNOB_1530629916.png 28 35 30 14
SO3W_1530629979.png 28 30 1 24
SO5J_1530629919.png 28 30 22 9
SO8S_1530629935.png 28 30 3 28
SOED_1530629910.png 28 30 26 5
SOJF_1530629920.png 28 30 9 29
SQ9L_1530629897.png 28 32 31 10
SQAP_1530629902.png 28 32 21 17
SQDP_1530629906.png 28 32 5 17
SQKB_1530629898.png 28 32 33 14
SRF4_1530629911.png 28 34 29 19
SRJ6_1530629899.png 28 34 9 23
SRJR_1530629921.png 28 34 9 34
SRQM_1530629936.png 28 34 32 12
SRS6_1530629965.png 28 34 28 23
SRX7_1530629911.png 28 34 2 25
SSNB_1530629934.png 28 28 35 14
SSOI_1530629980.png 28 28 30 4
SSU2_1530629937.png 28 28 16 13
ST7W_1530629943.png 28 6 25 24
STEZ_1530629983.png 28 6 26 27
SUK0_1530629939.png 28 16 33 0
SUSI_1530629896.png 28 16 28 4
SVO9_1530629942.png 28 11 30 31
SVRK_1530629915.png 28 11 34 33
SVVN_1530629935.png 28 11 11 35
SW1N_1530629919.png 28 24 7 35
SWJS_1530629941.png 28 24 9 28
SWT4_1530629934.png 28 24 6 19
SWWH_1530629932.png 28 24 24 8
SXMF_1530629979.png 28 2 12 29
SXTF_1530629943.png 28 2 6 29
SYAH_1530629917.png 28 20 21 8
SYC9_1530629902.png 28 20 18 31
SZIU_1530629901.png 28 27 4 16
SZTT_1530629933.png 28 27 6 6
T16K_1530629993.png 6 7 23 33
T1OC_1530629905.png 6 7 30 18
T1P0_1530629928.png 6 7 17 0
T1T5_1530629900.png 6 7 6 22
T2TN_1530629935.png 6 13 6 35
T3I0_1530629915.png 6 1 4 0
T3KJ_1530629963.png 6 1 33 9
T3KX_1530629960.png 6 1 33 2
T448_1530629913.png 6 19 19 3
T4LM_1530629935.png 6 19 10 12
T53G_1530629960.png 6 22 1 15
T729_1530629935.png 6 25 13 31
T765_1530629972.png 6 25 23 22
T7KR_1530629966.png 6 25 33 34
T7LI_1530629977.png 6 25 10 4
T86S_1530629896.png 6 3 23 28
T8BJ_1530629914.png 6 3 14 9
T8G6_1530629899.png 6 3 15 23
T9HN_1530629901.png 6 31 8 35
T9OO_1530629897.png 6 31 30 30
TA0Q_1530629910.png 6 21 0 32
TAHA_1530629911.png 6 21 8 21
TARN_1530629917.png 6 21 34 35
TB22_1530629971.png 6 14 13 13
TBW2_1530629903.png 6 14 24 13
TBZ6_1530629952.png 6 14 27 23
TC0Z_1530629914.png 6 18 0 27
TC2O_1530629908.png 6 18 13 30
TCQ1_1530629920.png 6 18 32 7
TDB3_1530629917.png 6 5 14 1
TE0G_1530629924.png 6 26 0 15
TE2U_1530629904.png 6 26 13 16
TEE5_1530629937.png 6 26 26 22
TEIQ_1530629911.png 6 26 4 32
TEP6_1530629917.png 6 26 17 23
TF3F_1530629920.png 6 29 1 29
TFKK_1530629922.png 6 29 33 33
TG2B_1530629909.png 6 15 13 14
TG4O_1530629927.png 6 15 19 30
TG4Q_1530629946.png 6 15 19 32
TGIZ_1530629943.png 6 15 4 27
TGKO_1530629943.png 6 15 33 30
TGLU_1530629929.png 6 15 10 16
TGP7_1530629932.png 6 15 17 25
TGRH_1530629942.png 6 15 34 8
THI1_1530629951.png 6 8 4 7
TI3T_1530629902.png 6 4 1 6
TI7E_1530629898.png 6 4 25 26
TJCI_1530629906.png 6 9 18 4
TJNK_1530629926.png 6 9 35 33
TJQP_1530629973.png 6 9 32 17
TKNO_1530629906.png 6 33 35 30
TKPE_1530629911.png 6 33 17 26
TKPJ_1530629900.png 6 33 17 9
TL74_1530629965.png 6 10 25 19
TLFA_1530629974.png 6 10 29 21
TLVB_1530629956.png 6 10 11 14
TMM6_1530629928.png 6 12 12 23
TN82_1530629971.png 6 35 3 13
TNG8_1530629897.png 6 35 15 3
TNHM_1530629908.png 6 35 8 12
TNMQ_1530629918.png 6 35 12 32
TNV3_1530629958.png 6 35 11 1
TO4F_1530629925.png 6 30 19 29
TO7W_1530629943.png 6 30 25 24
TOL4_1530629936.png 6 30 10 19
TOQG_1530629904.png 6 30 32 15
TPR6_1530629976.png 6 17 34 23
TPV4_1530629923.png 6 17 11 19
TPX9_1530629937.png 6 17 2 31
TQ5D_1530629903.png 6 32 22 5
TQCO_1530629905.png 6 32 18 30
TQDZ_1530629926.png 6 32 5 27
TQVI_1530629902.png 6 32 11 4
TR2T_1530629930.png 6 34 13 6
TSOS_1530629933.png 6 28 30 28
TTA1_1530629932.png 6 6 21 7
TUSO_1530629943.png 6 16 28 30
TUYP_1530629909.png 6 16 20 17
TVZD_1530629923.png 6 11 27 5
TW0X_1530629941.png 6 24 0 2
TWD4_1530629942.png 6 24 5 19
TWEI_1530629978.png 6 24 26 4
TWMD_1530629946.png 6 24 12 5
TWX4_1530629942.png 6 24 2 19
TYFR_1530629983.png 6 20 29 34
TYJH_1530629963.png 6 20 9 8
TYTI_1530629901.png 6 20 6 4
TZ4T_1530629975.png 6 27 19 6
TZG8_1530629915.png 6 27 15 3
TZJ8_1530629942.png 6 27 9 3
TZN0_1530629945.png 6 27 35 0
TZOI_1530629902.png 6 27 30 4
TZQN_1530629906.png 6 27 32 35
U04H_1530629926.png 16 0 19 8
U05F_1530629914.png 16 0 22 29
U0FA_1530629920.png 16 0 29 21
U0K5_1530629924.png 16 0 33 22
U0UF_1530629910.png 16 0 16 29
U0XQ_1530629954.png 16 0 2 32
U29R_1530629921.png 16 13 31 34
U2DC_1530629937.png 16 13 5 18
U37E_1530629920.png 16 1 25 26
U3C7_1530629921.png 16 1 18 25
U484_1530629920.png 16 19 3 19
U4SZ_1530629912.png 16 19 28 27
U50R_1530629947.png 16 22 0 34
U6LK_1530629903.png 16 23 10 33
U6RU_1530629900.png 16 23 34 16
U7L4_1530629978.png 16 25 10 19
U7TY_1530629928.png 16 25 6 20
U7VO_1530629987.png 16 25 11 30
U8FH_1530629933.png 16 3 29 8
U8WP_1530629938.png 16 3 24 17
U91L_1530629937.png 16 31 7 10
U9J4_1530629915.png 16 31 9 19
U9TC_1530629913.png 16 31 6 18
U9U2_1530629915.png 16 31 16 13
UBN3_1530629915.png 16 14 35 1
UBXU_1530629911.png 16 14 2 16
UCJE_1530629941.png 16 18 9 26
UCNQ_1530629944.png 16 18 35 32
UDE0_1530629909.png 16 5 26 0
UFFJ_1530629951.png 16 29 29 9
UFYR_1530629953.png 16 29 20 34
UG7F_1530629910.png 16 15 25 29
UGLU_1530629932.png 16 15 10 16
UGPK_1530629913.png 16 15 17 33
UHK1_1530629941.png 16 8 33 7
UHUD_1530629910.png 16 8 16 5
UI4F_1530629930.png 16 4 19 29
UILY_1530629961.png 16 4 10 20
UIN3_1530629972.png 16 4 35 1
UJI1_1530629927.png 16 9 4 7
UK6U_1530629922.png 16 33 23 16
UKCL_1530629927.png 16 33 18 10
UKH7_1530629916.png 16 33 8 25
UKIB_1530629919.png 16 33 4 14
UKTN_1530629912.png 16 33 6 35
UKXD_1530629934.png 16 33 2 5
ULPU_1530629907.png 16 10 17 16
UMEI_1530629949.png 16 12 26 4
UN6X_1530629926.png 16 35 23 2
UN98_1530629901.png 16 35 31 3
UNRO_1530629936.png 16 35 34 30
UO7L_1530629901.png 16 30 25 10
UQ1M_1530629919.png 16 32 7 12
UQJQ_1530629994.png 16 32 9 32
UQU9_1530629963.png 16 32 16 31
URPN_1530629943.png 16 34 17 35
URQ2_1530629970.png 16 34 32 13
URWB_1530629959.png 16 34 24 14
URZD_1530629960.png 16 34 27 5
USHL_1530629944.png 16 28 8 10
USUC_1530629943.png 16 28 16 18
UTC1_1530629928.png 16 6 18 7
UTC5_1530629928.png 16 6 18 22
UTZQ_1530629931.png 16 6 27 32
UU7X_1530629983.png 16 16 25 2
UUD6_1530629900.png 16 16 5 23
UV42_1530629900.png 16 11 19 13
UVGI_1530629925.png 16 11 15 4
UVHD_1530629926.png 16 11 8 5
UVJV_1530629943.png 16 11 9 11
UVS2_1530629940.png 16 11 28 13
UWWJ_1530629938.png 16 24 24 9
UX70_1530629995.png 16 2 25 0
UXNH_1530629910.png 16 2 35 8
UY26_1530629987.png 16 20 13 23
UYMO_1530629912.png 16 20 12 30
UZ7O_1530629898.png 16 27 25 30
UZMZ_1530629908.png 16 27 12 27
UZO6_1530629976.png 16 27 30 23
UZQ2_1530629918.png 16 27 32 13
UZY7_1530629915.png 16 27 20 25
V107_1530629897.png 11 7 0 25
V24L_1530629919.png 11 13 19 10
V39S_1530629927.png 11 1 31 28
V3ZU_1530629913.png 11 1 27 16
V475_1530629924.png 11 19 25 22
V4BU_1530629967.png 11 19 14 16
V50K_1530629923.png 11 22 0 33
V64A_1530629935.png 11 23 19 21
V6UF_1530629905.png 11 23 16 29
V7CO_1530629941.png 11 25 18 30
V7UL_1530629909.png 11 25 16 10
V859_1530629922.png 11 3 22 31
V8ZE_1530629980.png 11 3 27 26
VACM_1530629918.png 11 21 18 12
VBC2_1530629946.png 11 14 18 13
VBMZ_1530629914.png 11 14 12 27
VBR0_1530629932.png 11 14 34 0
VDC4_1530629994.png 11 5 18 19
VDK0_1530629972.png 11 5 33 0
VEUC_1530629961.png 11 26 16 18
VEUL_1530629929.png 11 26 16 10
VF8X_1530629941.png 11 29 3 2
VGM0_1530629940.png 11 15 12 0
VH31_1530629922.png 11 8 1 7
VHAA_1530629903.png 11 8 21 21
VI0I_1530629921.png 11 4 0 4
VI4K_1530629915.png 11 4 19 33
VI69_1530629938.png 11 4 23 31
VI93_1530629917.png 11 4 31 1
VIUL_1530629963.png 11 4 16 10
VKR3_1530629944.png 11 33 34 1
VKYV_1530629980.png 11 33 20 11
VL2N_1530629915.png 11 10 13 35
VM3N_1530629950.png 11 12 1 35
VMLR_1530629918.png 11 12 10 34
VNOS_1530629937.png 11 35 30 28
VNT6_1530629902.png 11 35 6 23
VNZC_1530629913.png 11 35 27 18
VOV0_1530629916.png 11 30 11 0
VQ8F_1530629919.png 11 32 3 29
VQJS_1530629917.png 11 32 9 28
VR4P_1530629973.png 11 34 19 17
VSLH_1530629934.png 11 28 10 8
VSNO_1530629904.png 11 28 35 30
VTIZ_1530629923.png 11 6 4 27
VULF_1530629896.png 11 16 10 29
VUOY_1530629951.png 11 16 30 20
VUWV_1530629930.png 11 16 24 11
VVWL_1530629974.png 11 11 24 10
VW0Q_1530629902.png 11 24 0 32
VWDO_1530629943.png 11 24 5 30
VX5C_1530629948.png 11 2 22 18
VXEM_1530629927.png 11 2 26 12
VY1V_1530629929.png 11 20 7 11
VYL3_1530629940.png 11 20 10 1
VZTI_1530629983.png 11 27 6 4
VZXJ_1530629915.png 11 27 2 9
W075_1530629965.png 24 0 25 22
W0L8_1530629922.png 24 0 10 3
W0QY_1530629898.png 24 0 32 20
W1G5_1530629942.png 24 7 15 22
W328_1530629951.png 24 1 13 3
W3CT_1530629920.png 24 1 18 6
W3RJ_1530629944.png 24 1 34 9
W4WV_1530629977.png 24 19 24 11
W58O_1530629948.png 24 22 3 30
W5CE_1530629919.png 24 22 18 26
W5TY_1530629945.png 24 22 6 20
W64Q_1530629903.png 24 23 19 32
W6PO_1530629971.png 24 23 17 30
W7MJ_1530629937.png 24 25 12 9
W7W8_1530629945.png 24 25 24 3
W7WR_1530629949.png 24 25 24 34
W8A0_1530629897.png 24 3 21 0
W8UB_1530629955.png 24 3 16 14
W9BX_1530629915.png 24 31 14 2
W9GU_1530629898.png 24 31 15 16
WA1D_1530629927.png 24 21 7 5
WALG_1530629915.png 24 21 10 15
WALP_1530629940.png 24 21 10 17
WATM_1530629911.png 24 21 6 12
WB3J_1530629902.png 24 14 1 9
WC8B_1530629946.png 24 18 3 14
WCFH_1530629909.png 24 18 29 8
WCRM_1530629905.png 24 18 34 12
WDCV_1530629900.png 24 5 18 11
WDSI_1530629927.png 24 5 28 4
WE63_1530629903.png 24 26 23 1
WEQV_1530629923.png 24 26 32 11
WG4M_1530629903.png 24 15 19 12
WGJR_1530629916.png 24 15 9 34
WH37_1530629940.png 24 8 1 25
WHAY_1530629916.png 24 8 21 20
WHFF_1530629962.png 24 8 29 29
WII0_1530629931.png 24 4 4 0
WIMV_1530629937.png 24 4 12 11
WJTL_1530629931.png 24 9 6 10
WJV4_1530629938.png 24 9 11 19
WK5H_1530629948.png 24 33 22 8
WKNT_1530629915.png 24 33 35 6
WKOB_1530629986.png 24 33 30 14
WL05_1530629930.png 24 10 0 22
WL0J_1530629896.png 24 10 0 9
WLZ4_1530629921.png 24 10 27 19
WMV7_1530629922.png 24 12 11 25
WOAP_1530629920.png 24 30 21 17
WOFW_1530629919.png 24 30 29 24
WOGN_1530629970.png 24 30 15 35
WPAI_1530629910.png 24 17 21 4
WPNM_1530629936.png 24 17 35 12
WPQS_1530629994.png 24 17 32 28
WPRB_1530629936.png 24 17 34 14
WQ2E_1530629918.png 24 32 13 26
WQD2_1530629930.png 24 32 5 13
WR7T_1530629934.png 24 34 25 6
WR7W_1530629899.png 24 34 25 24
WREP_1530629897.png 24 34 26 17
WRS1_1530629932.png 24 34 28 7
WS5V_1530629925.png 24 28 22 11
WSJJ_1530629910.png 24 28 9 9
WT1P_1530629910.png 24 6 7 17
WUC7_1530629912.png 24 16 18 25
WUFT_1530629946.png 24 16 29 6
WUOO_1530629898.png 24 16 30 30
WUUW_1530629923.png 24 16 16 24
WW7U_1530629951.png 24 24 25 16
WWQU_1530629931.png 24 24 32 16
WWR3_1530629924.png 24 24 34 1
WWU9_1530629938.png 24 24 16 31
WWWC_1530629900.png 24 24 24 18
WXOJ_1530629911.png 24 2 30 9
WXPZ_1530629931.png 24 2 17 27
WZ52_1530629917.png 24 27 22 13
WZ8L_1530629919.png 24 27 3 10
WZBK_1530629903.png 24 27 14 33
WZBW_1530629974.png 24 27 14 24
WZBY_1530629938.png 24 27 14 20
X0DU_1530629919.png 2 0 5 16
X1BM_1530629935.png 2 7 14 12
X1L1_1530629973.png 2 7 10 7
X2A6_1530629945.png 2 13 21 23
X2SH_1530629931.png 2 13 28 8
X2U3_1530629915.png 2 13 16 1
X3BG_1530629984.png 2 1 14 15
X3GM_1530629898.png 2 1 15 12
X3GY_1530629905.png 2 1 15 20
X3UY_1530629985.png 2 1 16 20
X3VQ_1530629925.png 2 1 11 32
X4DQ_1530629936.png 2 19 5 32
X59Y_1530629918.png 2 22 31 20
X5OE_1530629943.png 2 22 30 26
X5VC_1530629980.png 2 22 11 18
X5YA_1530629933.png 2 22 20 21
X6LC_1530629899.png 2 23 10 18
X70Q_1530629898.png 2 25 0 32
X7AF_1530629983.png 2 25 21 29
X7P1_1530629942.png 2 25 17 7
X995_1530629903.png 2 31 31 22
X9RO_1530629909.png 2 31 34 30
XBEA_1530629977.png 2 14 26 21
XC9Q_1530629910.png 2 18 31 32
XDXB_1530629932.png 2 5 2 14
XEB1_1530629930.png 2 26 14 7
XEM0_1530629933.png 2 26 12 0
XEVT_1530629924.png 2 26 11 6
XFJE_1530629934.png 2 29 9 26
XFU9_1530629912.png 2 29 16 31
XH0M_1530629933.png 2 8 0 12
XHPT_1530629929.png 2 8 17 6
XIDJ_1530629929.png 2 4 5 9
XII7_1530629920.png 2 4 4 25
XIQT_1530629955.png 2 4 32 6
XJLT_1530629962.png 2 9 10 6
XJZZ_1530629986.png 2 9 27 27
XKKA_1530629934.png 2 33 33 21
XKR1_1530629896.png 2 33 34 7
XKV4_1530629938.png 2 33 11 19
XL9B_1530629938.png 2 10 31 14
XLD9_1530629987.png 2 10 5 31
XLSF_1530629908.png 2 10 28 29
XMD4_1530629907.png 2 12 5 19
XMDM_1530629917.png 2 12 5 12
XMH7_1530629937.png 2 12 8 25
XMLF_1530629907.png 2 12 10 29
XMVK_1530629912.png 2 12 11 33
XNLL_1530629935.png 2 35 10 10
XNNK_1530629954.png 2 35 35 33
XODD_1530629908.png 2 30 5 5
XPC1_1530629960.png 2 17 18 7
XPID_1530629944.png 2 17 4 5
XQD5_1530629922.png 2 32 5 22
XQDX_1530629950.png 2 32 5 2
XQHS_1530629926.png 2 32 8 28
XQMM_1530629916.png 2 32 12 12
XQPI_1530629911.png 2 32 17 4
XQVW_1530629931.png 2 32 11 24
XR14_1530629934.png 2 34 7 19
XR8R_1530629921.png 2 34 3 34
XRTO_1530629928.png 2 34 6 30
XRYJ_1530629947.png 2 34 20 9
XSJE_1530629914.png 2 28 9 26
XTS3_1530629965.png 2 6 28 1
XTTM_1530629946.png 2 6 6 12
XTWX_1530629926.png 2 6 24 2
XU1U_1530629903.png 2 16 7 16
XU7N_1530629936.png 2 16 25 35
XU8P_1530629919.png 2 16 3 17
XUCQ_1530629966.png 2 16 18 32
XUU3_1530629936.png 2 16 16 1
XV7V_1530629971.png 2 11 25 11
XVS8_1530629899.png 2 11 28 3
XW3F_1530629934.png 2 24 1 29
XXM2_1530629910.png 2 2 12 13
XYAM_1530629918.png 2 20 21 12
XYG4_1530629903.png 2 20 15 19
XYIY_1530629933.png 2 20 4 20
XYX9_1530629948.png 2 20 2 31
XZNG_1530629902.png 2 27 35 15
XZUM_1530629921.png 2 27 16 12
Y0WX_1530629913.png 20 0 24 2
Y0ZE_1530629921.png 20 0 27 26
Y15U_1530629943.png 20 7 22 16
Y1PG_1530629921.png 20 7 17 15
Y246_1530629939.png 20 13 19 23
Y2VR_1530629912.png 20 13 11 34
Y3RG_1530629907.png 20 1 34 15
Y4B2_1530629994.png 20 19 14 13
Y4C4_1530629918.png 20 19 18 19
Y5DF_1530629906.png 20 22 5 29
Y5MD_1530629916.png 20 22 12 5
Y5MR_1530629911.png 20 22 12 34
Y5US_1530629980.png 20 22 16 28
Y627_1530629924.png 20 23 13 25
Y7DR_1530629900.png 20 25 5 34
Y7GY_1530629912.png 20 25 15 20
Y7HE_1530629959.png 20 25 8 26
Y7KX_1530629910.png 20 25 33 2
Y91P_1530629914.png 20 31 7 17
Y9E5_1530629900.png 20 31 26 22
Y9K9_1530629994.png 20 31 33 31
Y9SQ_1530629899.png 20 31 28 32
Y9WO_1530629943.png 20 31 24 30
YA2D_1530629924.png 20 21 13 5
YA94_1530629913.png 20 21 31 19
YAEH_1530629900.png 20 21 26 8
YB8L_1530629937.png 20 14 3 10
YC2W_1530629913.png 20 18 13 24
YC6U_1530629921.png 20 18 23 16
YC7D_1530629974.png 20 18 25 5
YCC2_1530629911.png 20 18 18 13
YDFX_1530629898.png 20 5 29 2
YE11_1530629984.png 20 26 7 7
YEXT_1530629929.png 20 26 2 6
YFAW_1530629923.png 20 29 21 24
YFV3_1530629946.png 20 29 11 1
YGNG_1530629902.png 20 15 35 15
YH6Y_1530629911.png 20 8 23 20
YHJ3_1530629926.png 20 8 9 1
YHNB_1530629946.png 20 8 35 14
YHPC_1530629911.png 20 8 17 18
YHRY_1530629929.png 20 8 34 20
YHUC_1530629929.png 20 8 16 18
YIO2_1530629899.png 20 4 30 13
YJZT_1530629922.png 20 9 27 6
YK1R_1530629940.png 20 33 7 34
YKWI_1530629936.png 20 33 24 4
YLD8_1530629949.png 20 10 5 3
YLJO_1530629899.png 20 10 9 30
YLNQ_1530629923.png 20 10 35 32
YLS1_1530629910.png 20 10 28 7
YMWV_1530629926.png 20 12 24 11
YN18_1530629907.png 20 35 7 3
YN5U_1530629913.png 20 35 22 16
YNWO_1530629897.png 20 35 24 30
YNZP_1530629908.png 20 35 27 17
YOG8_1530629905.png 20 30 15 3
YPWE_1530629918.png 20 17 24 26
YR3A_1530629930.png 20 34 1 21
YSHY_1530629936.png 20 28 8 20
YT27_1530629925.png 20 6 13 25
YTNF_1530629918.png 20 6 35 29
YUDU_1530629932.png 20 16 5 16
YVOX_1530629946.png 20 11 30 2
YVV2_1530629899.png 20 11 11 13
YW70_1530629898.png 20 24 25 0
YWHW_1530629935.png 20 24 8 24
YX49_1530629905.png 20 2 19 31
YXSI_1530629936.png 20 2 28 4
YXVM_1530629920.png 20 2 11 12
YXYA_1530629912.png 20 2 20 21
YYZY_1530629938.png 20 20 27 20
YZAK_1530629973.png 20 27 21 33
YZQF_1530629916.png 20 27 32 29
YZXX_1530629933.png 20 27 2 2
Z0GU_1530629905.png 27 0 15 16
Z0VJ_1530629921.png 27 0 11 9
Z1YU_1530629914.png 27 7 20 16
Z1ZY_1530629913.png 27 7 27 20
Z267_1530629981.png 27 13 23 25
Z2BU_1530629927.png 27 13 14 16
Z2SW_1530629987.png 27 13 28 24
Z31C_1530629938.png 27 1 7 18
Z329_1530629934.png 27 1 13 31
Z3FO_1530629904.png 27 1 29 30
Z3PE_1530629930.png 27 1 17 26
Z4HN_1530629927.png 27 19 8 35
Z4IX_1530629923.png 27 19 4 2
Z4WX_1530629922.png 27 19 24 2
Z511_1530629962.png 27 22 7 7
Z57I_1530629994.png 27 22 25 4
Z5K7_1530629910.png 27 22 33 25
Z5NC_1530629985.png 27 22 35 18
Z5VL_1530629936.png 27 22 11 10
Z60F_1530629985.png 27 23 0 29
Z79Z_1530629898.png 27 25 31 27
Z7FE_1530629950.png 27 25 29 26
Z7TX_1530629928.png 27 25 6 2
Z8EN_1530629931.png 27 3 26 35
Z8SX_1530629921.png 27 3 28 2
Z904_1530629912.png 27 31 0 19
Z97D_1530629912.png 27 31 25 5
Z9A8_1530629975.png 27 31 21 3
Z9DP_1530629928.png 27 31 5 17
Z9ZR_1530629911.png 27 31 27 34
ZA59_1530629927.png 27 21 22 31
ZBGP_1530629906.png 27 14 15 17
ZBJN_1530629929.png 27 14 9 35
ZBNH_1530629923.png 27 14 35 8
ZC4G_1530629954.png 27 18 19 15
ZCR6_1530629915.png 27 18 34 23
ZDYI_1530629959.png 27 5 20 4
ZFYF_1530629904.png 27 29 20 29
ZG8I_1530629916.png 27 15 3 4
ZGY3_1530629931.png 27 15 20 1
ZHLW_1530629928.png 27 8 10 24
ZHOA_1530629916.png 27 8 30 21
ZHVR_1530629921.png 27 8 11 34
ZHZU_1530629936.png 27 8 27 16
ZIAV_1530629936.png 27 4 21 11
ZIF9_1530629940.png 27 4 29 31
ZIIB_1530629905.png 27 4 4 14
ZINL_1530629924.png 27 4 35 10
ZJEU_1530629934.png 27 9 26 16
ZK16_1530629933.png 27 33 7 23
ZK4L_1530629924.png 27 33 19 10
ZKE5_1530629939.png 27 33 26 22
ZKOA_1530629910.png 27 33 30 21
ZKT5_1530629899.png 27 33 6 22
ZKWJ_1530629905.png 27 33 24 9
ZL6W_1530629932.png 27 10 23 24
ZL73_1530629945.png 27 10 25 1
ZLVJ_1530629914.png 27 10 11 9
ZM39_1530629916.png 27 12 1 31
ZMWX_1530629972.png 27 12 24 2
ZOHF_1530629940.png 27 30 8 29
ZP51_1530629939.png 27 17 22 7
ZQ7Z_1530629904.png 27 32 25 27
ZRFU_1530629983.png 27 34 29 16
ZSGZ_1530629986.png 27 28 15 27
ZSRW_1530629922.png 27 28 34 24
ZSTD_1530629933.png 27 28 6 5
ZTKT_1530629902.png 27 6 33 6
ZUVU_1530629946.png 27 16 11 16
ZV2D_1530629975.png 27 11 13 5
ZVF5_1530629914.png 27 11 29 22
ZVI0_1530629898.png 27 11 4 0
ZVUL_1530629921.png 27 11 16 10
ZWPX_1530629924.png 27 24 17 2
ZX3V_1530629947.png 27 2 1 11
ZX83_1530629913.png 27 2 3 1
ZXJO_1530629977.png 27 2 9 30
ZY0P_1530629932.png 27 20 0 17
ZYBO_1530629896.png 27 20 14 30
ZYEB_1530629911.png 27 20 26 14
ZYKZ_1530629935.png 27 20 33 27
ZZ0D_1530629934.png 27 27 0 5
ZZ67_1530629935.png 27 27 23 25
ZZ87_1530629932.png 27 27 3 25
ZZDW_1530629921.png 27 27 5 24
ZZQQ_1530629934.png 27 27 32 32
ZZSC_1530629906.png 27 27 28 18
